7.567352103060843937e+00,9.098770913202955057e+00,9.257200546782065054e-01
1.066249087903969084e+01,8.776815493833884929e+00,4.153254843279455266e-01
1.018985298114735372e+01,4.588718097934995299e+00,5.318221819370450021e-01
1.032176670603755753e+01,4.799600679875835496e+00,4.788206721814331490e-01
1.246808970942695183e+01,4.893175794376083410e+00,8.639668481849177573e-01
1.136708428502036128e+01,1.054713326470097812e+01,5.689270016513104933e-01
1.202277938186424500e+01,8.180044063622942119e+00,6.719269064618376142e-01
8.306676497761863232e+00,9.699705372098268441e+00,7.139455379576375993e-01
9.418585952764457758e+00,7.437867390197198780e+00,5.041352807908512368e-01
1.177555603146637608e+01,5.310575438357814093e+00,6.143494636771316131e-01
1.163341146987398389e+01,1.065630824119628883e+01,6.414164801430244367e-01
1.092653861936470605e+01,8.548673113401056511e+00,3.981256455353244239e-01
1.037550566522141438e+01,5.566239753465419327e+00,3.644207529194253281e-01
9.998452875996608924e+00,6.572326922593815013e+00,3.559313119619135768e-01
1.196537160667432076e+01,8.245175027705593962e+00,6.500423036108695651e-01
1.231371917750659151e+01,1.016437514563336819e+01,9.026438871888460280e-01
1.104612563524597846e+01,4.565966615840919118e+00,5.510956209352515511e-01
9.155838757147725104e+00,8.940104339716423709e+00,5.746809206876914988e-01
1.055371545380450371e+01,4.700731848379033906e+00,4.913730215070674645e-01
1.007503144820446650e+01,4.198367982072555904e+00,6.397157241984583465e-01
7.386739558260575933e+00,7.321872930629259812e+00,9.753727651775395691e-01
1.262188421102184321e+01,6.624338205084805864e+00,9.061032587155901652e-01
8.233832995648077357e+00,9.465504345642468564e+00,7.236334635903810542e-01
1.261879540418584611e+01,4.352951452386550457e+00,9.286520335443415597e-01
8.052558562506657580e+00,5.363301114983605622e+00,9.860769786329006692e-01
7.794671333542927627e+00,6.679329028610656138e+00,9.487568181595176231e-01
7.251607876426431787e+00,4.551269338976915435e+00,1.125325185282344931e+00
1.285531505959948895e+01,1.010353933736555554e+01,1.083554388413012770e+00
1.274275672072813137e+01,4.310668203779910890e+00,9.472138933935543292e-01
7.412576742535867069e+00,6.544658499037307564e+00,9.872881672215959581e-01
9.987524619404425152e+00,6.994844064201449996e+00,3.662577266340863447e-01
8.800356337067857027e+00,4.714156094372810024e+00,6.880856903686607406e-01
9.371094873529564495e+00,8.586396425329809290e+00,5.475386008886754530e-01
1.154165306648069667e+01,1.093517907118626908e+01,6.221670391030386105e-01
1.222306627059868234e+01,7.899596049272354925e+00,7.666078903502359099e-01
8.829858337225241272e+00,8.837095859819150689e+00,6.185563278966480505e-01
1.003153305272746998e+01,8.313106776684774601e+00,4.441857807563210359e-01
1.085620248690142375e+01,8.713903556347002421e+00,4.093416852818337337e-01
7.683778815903258952e+00,8.903094762671909024e+00,8.973362246539416942e-01
1.019855558644000837e+01,7.454497763686381617e+00,3.574199453929616244e-01
9.608570301988297757e+00,1.079757243765313035e+01,5.179484903416897712e-01
8.681547740118947587e+00,4.336137006629117607e+00,7.718299332034104232e-01
1.227527019171762035e+01,7.691792327390124306e+00,7.974066209819503648e-01
1.009071315593712903e+01,6.528146718511878888e+00,3.421225968637871540e-01
1.155281840601679377e+01,7.202206498816101643e+00,4.670104827172979478e-01
1.006532201477036637e+01,6.738424777419700362e+00,3.465901703933730316e-01
9.279366314062571064e+00,6.949364764404899475e+00,5.098041323115368728e-01
1.042514261332667225e+01,1.031654684776146702e+01,4.821069565477619223e-01
9.413894194548545258e+00,5.329336179735640222e+00,5.053818270327090634e-01
1.159261216989512278e+01,5.196965817451300040e+00,5.652399317933038958e-01
1.183622596792082149e+01,1.007589356739905462e+01,6.942885942580164782e-01
1.219082507266174531e+01,8.817708652284370174e+00,7.648607026452900470e-01
7.146682817538229315e+00,5.080681785719618482e+00,1.074358501767563867e+00
1.173633777101606590e+01,6.107328814643107506e+00,5.530152865975759280e-01
7.377986245788595632e+00,7.051268847284426045e+00,9.797090255001315029e-01
8.031145429372797295e+00,8.561869268259053811e+00,7.660653649832193102e-01
8.580568470674842629e+00,4.330456954292698946e+00,7.928318999275170142e-01
9.633517330566830239e+00,6.251767794182128135e+00,4.202544928146161318e-01
7.732702972182894818e+00,4.287232356841633951e+00,1.138758544267534312e+00
1.127969670437235195e+01,5.174852272751810034e+00,4.834417340354988379e-01
9.365881084669874568e+00,4.220226881370860994e+00,6.983511989533075504e-01
7.662777498819454358e+00,6.268887837006436925e+00,9.748129442648768572e-01
9.801887772708434809e+00,8.257262537349211229e+00,4.754973817814305836e-01
1.213243524942432394e+01,6.262347744787854609e+00,7.215568660435308646e-01
1.280357287268441624e+01,5.457691155941203576e+00,9.066933257783031941e-01
7.836423162651424690e+00,9.133197489611715625e+00,8.411915127537538117e-01
1.263458902817992069e+01,4.411552942024674628e+00,9.250688802363506991e-01
1.159966693342768096e+01,4.365581043524320748e+00,7.088323436855501480e-01
9.436054888188937895e+00,7.279126098127900235e+00,4.910991395187880304e-01
1.047751728371005342e+01,5.629925733647024977e+00,3.538643805533817077e-01
1.197195597768551600e+01,4.136373974342498983e+00,8.457215046053537799e-01
1.134890909856100905e+01,4.075297698912063282e+00,7.203402231265981781e-01
1.154508106007428125e+01,7.480666275797891451e+00,4.651824404910145927e-01
7.397798808238450263e+00,6.753616470493056134e+00,9.833820245961047979e-01
1.173747378949225606e+01,5.431186174982158832e+00,5.906360468643092609e-01
7.827817593125369733e+00,9.612066485709657826e+00,8.752145678079777946e-01
8.797585966065430085e+00,6.122234572082014381e+00,6.109930067465353387e-01
1.041244101061319505e+01,4.367352561482306328e+00,5.762741250210716704e-01
9.346475059992183532e+00,1.076555076648430287e+01,5.462998147585319542e-01
1.044698092163961967e+01,8.529051282285976754e+00,4.093114392091859455e-01
7.778812037425701043e+00,7.196384721771180715e+00,9.426932163470218562e-01
1.161662116609888962e+01,8.252960254756352754e+00,5.094120963180673867e-01
1.020073708934988410e+01,4.472093333912147806e+00,5.579751743016708732e-01
8.508698733918823365e+00,5.829216201021106158e+00,6.901423201217747883e-01
1.139524093244585146e+01,7.183592546526165634e+00,4.132717239935467801e-01
1.201127445302745400e+01,9.222385865833183871e+00,7.076617759561391052e-01
8.743206738789560006e+00,4.753002578923802623e+00,6.924859031373914453e-01
1.040676818163320050e+01,7.324787443186307812e+00,3.250812167044473955e-01
8.195215079902514077e+00,9.086495438644195843e+00,7.323145918599239801e-01
1.001504691914255751e+01,9.225301075087967817e+00,4.904725263673928026e-01
8.015543473872517310e+00,9.979242996203016247e+00,8.447419065034041941e-01
9.030034332509810469e+00,9.131169705202303533e+00,5.891353813522045568e-01
1.198389650782580773e+01,4.985667436724920520e+00,7.213557115613965509e-01
7.054610714596432963e+00,6.380121683281815947e+00,1.016815186575266816e+00
9.285948838100956948e+00,1.019441719747865704e+01,5.520412300903199121e-01
8.674340037034992790e+00,1.095497639621239472e+01,6.702535272434271274e-01
1.172802813252852872e+01,8.445682616928433362e+00,5.571358803131067905e-01
9.290485297666462472e+00,6.064950179198765667e+00,4.903157307841583545e-01
7.745041430478040390e+00,1.006881899521950530e+01,9.090705100774482128e-01
1.102598312746336262e+01,8.429564346262292673e+00,3.934493419452370078e-01
7.811306822990365717e+00,4.621482456144420325e+00,1.088793716845059656e+00
9.565196517437229318e+00,8.338598687354203065e+00,5.149503132970782993e-01
1.095226487561517814e+01,5.499430988161619460e+00,3.873274992985299980e-01
1.025620801396988924e+01,5.914120146540389200e+00,3.451290695874147385e-01
9.706012059005590942e+00,1.012531587989085935e+01,5.173433261597205624e-01
9.407959158652124287e+00,6.428487188210547210e+00,4.661591397284840510e-01
8.131221866517831742e+00,6.706660227915653749e+00,8.640197397624516107e-01
1.086397491543482019e+01,8.599324829369621170e+00,3.987209143179926696e-01
1.108963912735400470e+01,8.046490595912832333e+00,3.749926173858322831e-01
7.961812265123517918e+00,4.241970543221081691e+00,1.134391454096110197e+00
1.006558373324476818e+01,4.701188990508758714e+00,5.178366217142070793e-01
1.007034249860308606e+01,7.322080560541015970e+00,3.687956285063857531e-01
1.217054935013894656e+01,5.718046001075764551e+00,7.423196641495399817e-01
8.739267726165753203e+00,8.768421949749020783e+00,6.326119487130660302e-01
1.070332190510300130e+01,7.440583651842878510e+00,3.162026913607585699e-01
1.161533382786287305e+01,7.110960119099275722e+00,4.883452919869578079e-01
1.229366109139552954e+01,8.172612649242154248e+00,8.028090088815396097e-01
9.813854378080577590e+00,9.436676936811691618e+00,5.102468993106032968e-01
7.989987020663556372e+00,8.238206346517475964e+00,7.817041053833713171e-01
8.624978307033826397e+00,7.102775247090115762e+00,6.765419516281707679e-01
8.215286949964546892e+00,8.262003830573538821e+00,7.358158050540867245e-01
1.131474309283775881e+01,1.037238196019790593e+01,5.543131227002136008e-01
1.093242664845140766e+01,5.596896455282335481e+00,3.752536512237121258e-01
7.209589938930410113e+00,1.081094783562936712e+01,9.915248472620220577e-01
8.592343495139418863e+00,4.769027608513758842e+00,7.260081598158992788e-01
1.063865451566111453e+01,7.928004287996158084e+00,3.478621552098301040e-01
9.822270396260016412e+00,7.177045063891686283e+00,4.053054901306022972e-01
1.036986537410100340e+01,1.082373249915886504e+01,4.819085772317844851e-01
1.135629484909641462e+01,8.780006764291325538e+00,4.701917042466041696e-01
1.123964698289381126e+01,8.382449872713717554e+00,4.176630821027517704e-01
8.658726690044831642e+00,4.877001659430338698e+00,6.988297599988866349e-01
1.136662163145575022e+01,8.393193674697297268e+00,4.443610957999992728e-01
9.677602313178065074e+00,7.495880082500267605e+00,4.530815814296441091e-01
1.184703626232826679e+01,7.742143157155528144e+00,5.867211973660250157e-01
7.503175679505011075e+00,5.549131780461753038e+00,1.019582105070119704e+00
1.053380784373209522e+01,8.689260253315612914e+00,4.147037014976531211e-01
7.524618112810578019e+00,8.203750635439215344e+00,9.539143451238645266e-01
9.423919734829581785e+00,6.330252364958868228e+00,4.613028287608094136e-01
1.070774414644678707e+01,1.026577467230621821e+01,4.839819154942461843e-01
1.101234797714391078e+01,6.315011969000842385e+00,3.411850506193258026e-01
1.085103693646455625e+01,1.048112323516247280e+01,4.962163514762017447e-01
7.007219165732274213e+00,6.104607171080153272e+00,1.027978353238492071e+00
1.169491931217980074e+01,9.982159785526267370e+00,6.405846670794513864e-01
7.048025510123210324e+00,1.068663475422662223e+01,1.006110113473980050e+00
8.932344116166758496e+00,9.202198423784182069e+00,5.990988045907835735e-01
1.173718883387853751e+01,6.692359797103101471e+00,5.446275634985455749e-01
7.389589386937679194e+00,7.559628342919157973e+00,9.724928756317566814e-01
7.552804242882865893e+00,4.575182495466517452e+00,1.108654195192662728e+00
7.530110602606225889e+00,8.215004854096878972e+00,9.533496917161391471e-01
1.231142667460179041e+01,1.044147623143862624e+01,9.097599508990863448e-01
1.210601924162564558e+01,8.594811335628911309e+00,7.197563166191134343e-01
8.723776650090778517e+00,4.795237614313979435e+00,6.916416893937644694e-01
1.268487730558380733e+01,4.373776651490635992e+00,9.338052089934351097e-01
9.256564059210665718e+00,9.348292604036601006e+00,5.595168083892108069e-01
8.106605932959329408e+00,4.698299278027524117e+00,1.060084992353774735e+00
7.507420822524034421e+00,5.027321456354895801e+00,1.059162153876948231e+00
1.094024600235533384e+01,5.422883974124349749e+00,3.941265970368006966e-01
1.168260222822235050e+01,1.099903406610758694e+01,6.661875183518759513e-01
1.235203856576503512e+01,8.036068656640203756e+00,8.281621404127206265e-01
1.245806234896089748e+01,1.051047808415244234e+01,9.861756424352287054e-01
8.320952197731264377e+00,7.753366086085981657e+00,7.330408569744628622e-01
1.183606243851738782e+01,5.356295556445871853e+00,6.343735200475816294e-01
1.111662433616446144e+01,9.536295662473909474e+00,4.853930700687390520e-01
1.110135437791507762e+01,9.324436510586519233e+00,4.701428794769834663e-01
8.688289031391011719e+00,6.645655510859835857e+00,6.528999052448207774e-01
1.287422436390259506e+01,7.276424493593689036e+00,9.595316804396957222e-01
8.500602297694074494e+00,6.849317748129616135e+00,7.092033772447237094e-01
1.261606012986781167e+01,8.093828131840979268e+00,9.317591357861799706e-01
1.064495225816969537e+01,1.060146561512760854e+01,4.853281108779002317e-01
1.120226886223086638e+01,8.284393746025317640e+00,4.067643056717125671e-01
1.040977249113905856e+01,7.829689419354558311e+00,3.573995653240317760e-01
7.196667492553085133e+00,1.044969822814136329e+01,9.843548866338108772e-01
1.279722362938709246e+01,4.470123801523673279e+00,9.380722573259721031e-01
9.655294320934247665e+00,9.932882672426746495e+00,5.209287881445732182e-01
1.124170001234853800e+01,8.208361109745517581e+00,4.071136476631446177e-01
7.886721096984315338e+00,1.021501506077436794e+01,8.904681268548387818e-01
1.106260445842432816e+01,5.439963622613492866e+00,4.088967739101849186e-01
7.562705623120086429e+00,9.533806206796239024e+00,9.271388471502544082e-01
9.515367412490689958e+00,9.956801603889832819e+00,5.323997468303272029e-01
7.350205223597486182e+00,8.226658780658848258e+00,9.687874343603050109e-01
9.522767595410162045e+00,4.869894942804430471e+00,5.486704060164915298e-01
9.592133870026703590e+00,5.153857958871874700e+00,4.980054237821991414e-01
1.065408870666289332e+01,8.321062680453380267e+00,3.783283092059118724e-01
8.967885930999749178e+00,6.330857789405750502e+00,5.695334682499627599e-01
7.976524469645609905e+00,7.028643388146083026e+00,9.153478271739415861e-01
1.164293872804134722e+01,5.475325347233038542e+00,5.565671322443427327e-01
9.720428661440989160e+00,1.010114551423999529e+01,5.163205257652130342e-01
8.345577271968773303e+00,5.689681368972308917e+00,7.412431108241336331e-01
9.768305572239427192e+00,6.619613732530833516e+00,3.963216596866596664e-01
1.271037725863585166e+01,5.700155482159313891e+00,8.985542406543470806e-01
1.140551913145810481e+01,5.227554745177744877e+00,5.069367017926188490e-01
8.439431879183988627e+00,1.054855368942244809e+01,7.367314546248202589e-01
8.796310791503699988e+00,8.792383324559846614e+00,6.252452230430379787e-01
1.213666731577288971e+01,5.220510429275124764e+00,7.558740738383461499e-01
1.174783400484312423e+01,5.403158111978433098e+00,5.973799224574125599e-01
7.012074021313578598e+00,4.268344430107436693e+00,1.167838201829592526e+00
1.152549614539143974e+01,6.145407867768238219e+00,4.735202916591539357e-01
1.057276804579752039e+01,4.424419492488299355e+00,5.555552529762077807e-01
9.618162331064105786e+00,8.163288026189951196e+00,4.995398518247058939e-01
1.132672744684566979e+01,7.443974679622405333e+00,3.980368374859133973e-01
8.180513416491741907e+00,9.113139706010832342e+00,7.347003880132231268e-01
1.002869586000006663e+01,4.974004531516724725e+00,4.703452420580461757e-01
1.115476936807527508e+01,4.266895416052792989e+00,6.403497804714070041e-01
8.356462320327178617e+00,9.874348381003549946e+00,7.054296753567272926e-01
1.251579559199704761e+01,6.147865806831836366e+00,8.622163417779458161e-01
7.819071773452787255e+00,6.360856364908411997e+00,9.549449521931340223e-01
1.258136459898274495e+01,1.083137242414943913e+01,1.047944891388671751e+00
9.626833594640835656e+00,7.142955858135825231e+00,4.442893774762598502e-01
8.252952127640590163e+00,6.116370052080265296e+00,7.766261824127631552e-01
1.162188986531190160e+01,7.119004255946586923e+00,4.910972100909444804e-01
1.058227472481523712e+01,5.373489636155047044e+00,3.795815690123054420e-01
1.079660970091469352e+01,7.170522553595522375e+00,3.104069330344689237e-01
8.189582386761323107e+00,4.737005756694169456e+00,8.215940069367853038e-01
1.194817512579041363e+01,9.833615196846514195e+00,7.182267053730396755e-01
9.772577039190323944e+00,7.890259388300979282e+00,4.586073455267567489e-01
1.279443737833942407e+01,6.046581660676935144e+00,9.201283391693987346e-01
7.356163458930971899e+00,1.066048108015144180e+01,9.721495893532507981e-01
9.015614014167693924e+00,5.010800749011254496e+00,6.080235547352479397e-01
1.066502930758182899e+01,9.701632771530997346e+00,4.708126526872589146e-01
1.098969475341888646e+01,1.050438442525514304e+01,5.073732182675184665e-01
1.092372425487239695e+01,5.576725295015403816e+00,3.761373993964902129e-01
1.266732294719931318e+01,9.009505734177746916e+00,9.499804341892129633e-01
8.021002318249896845e+00,4.377119150670571557e+00,1.112921222177403857e+00
7.860128330355048654e+00,7.501541277993146295e+00,9.294368740861622680e-01
7.275821601788924120e+00,9.097855400826272643e+00,9.638731987120251476e-01
7.023027403821803460e+00,1.032455449493069111e+01,1.001693162776158719e+00
8.410122928617582261e+00,4.256583021599545269e+00,8.342186830464891623e-01
9.343813947877324111e+00,1.034562948252002812e+01,5.447396471574477150e-01
7.534329077816520837e+00,5.858961752625510222e+00,1.000879197902655893e+00
1.182186754433952203e+01,8.791410368926158014e+00,6.070156967122374292e-01
9.959629986710110572e+00,6.121812801420915662e+00,3.681229815410793638e-01
1.182576849332706814e+01,7.118614313245652525e+00,5.817213813388316668e-01
1.292552430377364914e+01,6.020653576512576599e+00,9.328153935935523666e-01
7.938994866132854433e+00,5.895428942606821821e+00,9.609364488710561147e-01
1.066844069822710850e+01,9.676556468076634943e+00,4.699543410930961951e-01
8.500107219756687371e+00,4.983809822827400815e+00,7.225995392121186134e-01
7.844969331628518283e+00,4.658674181810797066e+00,1.082086696232841927e+00
1.215502724257104461e+01,4.812985919489183750e+00,7.949474888112905147e-01
1.049842503205054633e+01,1.035772020951452177e+01,4.817780201069286616e-01
1.186609113624893652e+01,5.132403279809812702e+00,6.668129239890292492e-01
1.013848093921477655e+01,7.310602839136649322e+00,3.574323821187124217e-01
8.583817992384899398e+00,4.139455047722033321e+00,8.214542502580034489e-01
8.529533617739136986e+00,7.304246343526737739e+00,7.010682472889291361e-01
9.624383390751791723e+00,4.556125876280809450e+00,5.951407667011745506e-01
7.733978848511186222e+00,6.182528617568936014e+00,9.711642800736175474e-01
1.198083831285200063e+01,1.045085359388615664e+01,7.585435320626521261e-01
1.187503421508265689e+01,4.996392499708292689e+00,6.838416313802636592e-01
8.380402189630057563e+00,9.318102830902287081e+00,6.891279909014085270e-01
8.869074113568583329e+00,8.195477498380858705e+00,6.197412381231761636e-01
8.192312236955936910e+00,7.368936788087362189e+00,7.910965270125940307e-01
1.099296547647016098e+01,5.589780206664789475e+00,3.835381159071654111e-01
1.016404244934590473e+01,4.435840130038704032e+00,5.712100469839883621e-01
1.189496493664059429e+01,5.072384870246381183e+00,6.820497785405628122e-01
1.188835006576582387e+01,5.672088140842933335e+00,6.316287796064498083e-01
1.203395790480433902e+01,1.008879312459052713e+01,7.694589893401049263e-01
8.802080798177419396e+00,1.037383492702675625e+01,6.161071975178710192e-01
8.673446464064928918e+00,9.328780357007261159e+00,6.349799330007055431e-01
7.332032624714347691e+00,8.256233501236955874e+00,9.700090465009514329e-01
9.874333505905831032e+00,1.075895331249844489e+01,5.010009214113549936e-01
1.054113125914905424e+01,9.823752786361239941e+00,4.746622413825972719e-01
7.152560397135477643e+00,4.327098137571458558e+00,1.159886762636838764e+00
7.270560587273108055e+00,4.497583957929137455e+00,1.131188454898111928e+00
1.133283448543973115e+01,4.929941738690821751e+00,5.315791067080769539e-01
7.754999872009841866e+00,9.910675422511921795e+00,9.042567541399518793e-01
8.062776173209568853e+00,5.118632824853951213e+00,1.010708234837582875e+00
9.741190229959888924e+00,9.211861268386407176e+00,5.146133508125185774e-01
7.275475983198765206e+00,5.815096466701275446e+00,1.021051203180807665e+00
9.846582933216664557e+00,4.044776789961842312e+00,6.939154060956929104e-01
8.746481422720384202e+00,8.038694114180859884e+00,6.418050588422167246e-01
8.238901975169063974e+00,8.408618497361963762e+00,7.260904456788118688e-01
8.447278617261440914e+00,8.814592532486626553e+00,6.825028399921080347e-01
1.240429238783942623e+01,6.571914260998998003e+00,8.382131122191862627e-01
9.443325909835088794e+00,8.979361036264650764e+00,5.425648833386473857e-01
1.000953227191964601e+01,7.618122277876161696e+00,3.984213205068831143e-01
7.885264292051004986e+00,1.011425656644931692e+01,8.862011417760885523e-01
8.711815823065668596e+00,8.559853567947191877e+00,6.422770396496959577e-01
7.257804844913851028e+00,9.516042656492155416e+00,9.655622909054220049e-01
1.280551389535408191e+01,9.603563366572220872e+00,1.018947882784355663e+00
8.632632992744875722e+00,5.189346518631061222e+00,6.749707906517581346e-01
7.695197342032315646e+00,5.570873353936402594e+00,1.004117262685077616e+00
1.009742372575946945e+01,7.170976185946983605e+00,3.567881547827917998e-01
1.095761551398508260e+01,1.072533272646665736e+01,5.078270496917878241e-01
1.194249831670978779e+01,8.427321579149229080e+00,6.434762966255765937e-01
1.189222462947734726e+01,5.147706308297438582e+00,6.721100476384691547e-01
1.219430350553242270e+01,6.530407347255323458e+00,7.502880348914315878e-01
7.761732879123052875e+00,5.028562686100155332e+00,1.043295082258057560e+00
9.674326275682668452e+00,8.613158103983234781e+00,5.090543418458179925e-01
9.510608023209108808e+00,7.922652744302896011e+00,5.066573011718187303e-01
1.136231102162613738e+01,8.298893308543897618e+00,4.377468641034266139e-01
7.350736132595347527e+00,9.439149805730034259e+00,9.541035691869986790e-01
7.281209005747262708e+00,8.381981609867668936e+00,9.732191581538847114e-01
9.847902582638468516e+00,1.094601845450511135e+01,5.002210173622586575e-01
7.480560806637685189e+00,6.395431882841650761e+00,9.858831609435895205e-01
1.297426129236881565e+01,5.798789699735669600e+00,9.310406782651472479e-01
9.940740080237045362e+00,4.769366449871898617e+00,5.170877621931972978e-01
1.129033875059560366e+01,1.037669987586457054e+01,5.489442431742278528e-01
1.008526939617746621e+01,5.328891145734182544e+00,4.159143179548226432e-01
1.055106794826079586e+01,6.351217084623989706e+00,3.084208741113375618e-01
9.794344813690074147e+00,1.033391006420049152e+01,5.077666635047437538e-01
9.666298186485477117e+00,7.130711666459142783e+00,4.341387833867384471e-01
1.139929528909436129e+01,8.563900225063077798e+00,4.633673523378050718e-01
1.190843734634399098e+01,9.825117485823385621e+00,7.073885343109922452e-01
1.205554135096045876e+01,1.002355504173097245e+01,7.776490275654693862e-01
1.051049102966885229e+01,7.348100498120687440e+00,3.181505861404333446e-01
1.170225199993304344e+01,1.039284407185870052e+01,6.549074237576304469e-01
1.029111788094013136e+01,1.055223166989675221e+01,4.848884167021720315e-01
7.391180828027188454e+00,8.284533355506527030e+00,9.650358027334954292e-01
1.216714238036776052e+01,1.067468052205305540e+01,8.496730419943726575e-01
7.429665338389448870e+00,4.861144597873098050e+00,1.080544661638222381e+00
1.165976675930555650e+01,5.930179759068809453e+00,5.339041210367255763e-01
1.286203444841051713e+01,8.880695611096786735e+00,1.001498956957176834e+00
9.985951889525068736e+00,7.041160629068831334e+00,3.684727407696797297e-01
1.189593611715965338e+01,4.285458040311709738e+00,8.011724075889166130e-01
1.217458112617276100e+01,5.145202692520521204e+00,7.698919673226320981e-01
1.073727777650865178e+01,4.101625916839291008e+00,6.460549455726298795e-01
1.131255689788919483e+01,6.377368607694905656e+00,4.019365256175905787e-01
9.070146965883036927e+00,5.551722069972886864e+00,5.549361437555594412e-01
1.056785914381290681e+01,5.750137665009788179e+00,3.420796694819902006e-01
1.285772056148762843e+01,5.341540032710473618e+00,9.140391614194436354e-01
7.058009467920980384e+00,6.996226737661931594e+00,1.004179491673159674e+00
1.133905192957872110e+01,5.338978253783126959e+00,4.767810346873774807e-01
1.089705898809362949e+01,6.628129995931037577e+00,3.161195459441267230e-01
7.413088449687004200e+00,5.826124211516587437e+00,1.011333618430040771e+00
9.432112516141229364e+00,1.056122000834719543e+01,5.371424977932354183e-01
1.240548162897186302e+01,4.941514993149561441e+00,8.474887471681858964e-01
9.638315893784493937e+00,8.416347826980473457e+00,5.071597487024183115e-01
7.115620875845376503e+00,6.698358910232206753e+00,1.005183007951010898e+00
1.127221863982382288e+01,7.828244357804040376e+00,3.945304829577811478e-01
1.085222119187010570e+01,9.917924411455848244e+00,4.839662535337395100e-01
1.217494006339000201e+01,1.058745423164505617e+01,8.504658860257688913e-01
1.233100352251084786e+01,1.027057493528491072e+01,9.155995298473207367e-01
1.014040625605912638e+01,7.737702012128271356e+00,3.858413973489503990e-01
1.055281978209100657e+01,8.365455972247502814e+00,3.883192566634571796e-01
1.183607216209250623e+01,9.800177912578840633e+00,6.743427563576253059e-01
1.190967921664651641e+01,4.357122205793048764e+00,7.916651400655678739e-01
1.110845122621368120e+01,1.073524414610797351e+01,5.276841728028767164e-01
9.981464756591757137e+00,1.008382056166948004e+01,4.986765499973812577e-01
1.000201865004422430e+01,1.096038491645040480e+01,4.926976875395222000e-01
9.014727655533457451e+00,5.416184602422895900e+00,5.740017233745480230e-01
9.495427855054174415e+00,9.890722830827744616e+00,5.332414575130660639e-01
1.034600026686901586e+01,9.515515055681753154e+00,4.737124133963626638e-01
1.082732851120930917e+01,7.795520995605716763e+00,3.375854452728689892e-01
1.049284717074281303e+01,6.917814638219945245e+00,3.055659998576132352e-01
8.443001881940539022e+00,4.926294233266857781e+00,7.402745963191791345e-01
1.070355550524631383e+01,1.053995910130783109e+01,4.876504570057773602e-01
1.001157099630400893e+01,9.394191666002075891e+00,4.933832937223466275e-01
9.427581619513748734e+00,6.565576173184426878e+00,4.634523760505461776e-01
1.201076497920531239e+01,8.242733766577895693e+00,6.669199619871143403e-01
7.818834707252343641e+00,9.710771379963972549e+00,8.803022834590858992e-01
1.114567986401513267e+01,5.090678046682588942e+00,4.675004194113547840e-01
1.213954227168144229e+01,8.340001927175361374e+00,7.320447591931035225e-01
1.168791082746542997e+01,4.053772913700223413e+00,7.956811365930807067e-01
1.239712508592285545e+01,5.877686666772952151e+00,8.230569024211340512e-01
8.516747449499963096e+00,8.911494138380554375e+00,6.654740751639284246e-01
9.286208242800876533e+00,6.608995946585569214e+00,4.955424647646939906e-01
7.569210397309223737e+00,8.740599762815410401e+00,9.350125127085582299e-01
9.499679418769389372e+00,1.090288162000113914e+01,5.314004295510542653e-01
9.553853428440653772e+00,7.483440404142987390e+00,4.765779312906587850e-01
1.047684101014703018e+01,4.154140298274601406e+00,6.310334820870016070e-01
1.007101330702673536e+01,5.889146359223683902e+00,3.652737651599251567e-01
1.110948784270722633e+01,6.272662614555266636e+00,3.596934083524919723e-01
1.005589963961642930e+01,7.721410446038182940e+00,3.983496975922675154e-01
1.042080155761032856e+01,7.443496954865317150e+00,3.302505173319952858e-01
7.593016238955658359e+00,6.958676135254781236e+00,9.637619660781833186e-01
7.587659661944435641e+00,1.001280575321877109e+01,9.308267988655588576e-01
1.271880496359004553e+01,4.884643728055707790e+00,9.013680127254545260e-01
7.713527406433696498e+00,1.084834189963175177e+01,9.412639692480316844e-01
1.057953955953738401e+01,8.172852811970955145e+00,3.702836961995705223e-01
1.040371885812785280e+01,4.045354363791082264e+00,6.610527076151180292e-01
1.022161054925604695e+01,9.642113776142995363e+00,4.830227531402761509e-01
7.357054323094502024e+00,5.525673596584491420e+00,1.030432142986013933e+00
1.280191175603892617e+01,6.908087485895983093e+00,9.423313581722256860e-01
7.599610221494300433e+00,6.357380259225301700e+00,9.775975192813066705e-01
9.275349846830579281e+00,8.917517194859634344e+00,5.618996119071525408e-01
1.055218890101085982e+01,7.990955873495421358e+00,3.574568208193855678e-01
7.139383811485041420e+00,5.231311452638623294e+00,1.062799111657751538e+00
1.253530497538577038e+01,4.639852030332480837e+00,8.903745736250543441e-01
1.170440484216077870e+01,5.709776320448661124e+00,5.581482855921369168e-01
1.191771894390079289e+01,9.213818449101715657e+00,6.694959754408249530e-01
9.899677399390824917e+00,1.098139791131613130e+01,4.982160910259316178e-01
1.155747554885833317e+01,7.672073645534640107e+00,4.730698152148055668e-01
1.267965244294687821e+01,9.038845186092888895e+00,9.573719579908299693e-01
8.921778773071553204e+00,8.816402442307872178e+00,6.067237224767531023e-01
1.183705679847601644e+01,8.028963769740796508e+00,5.869417917957500119e-01
9.037396519804488548e+00,9.080769511612430733e+00,5.891074380678041900e-01
7.956834347816025499e+00,9.563723303501657114e+00,8.246544888546961660e-01
1.022152793731294196e+01,9.168384146460905271e+00,4.705055621168917623e-01
1.073338968717342468e+01,8.166398469340357735e+00,3.634731643375679888e-01
9.005027295908316631e+00,6.438688872793687068e+00,5.600619190420935700e-01
1.168179892001887055e+01,6.257980784849459077e+00,5.273745608937641105e-01
8.719969777486605622e+00,1.035450217457320754e+01,6.346061404464385935e-01
9.852327922195428300e+00,1.095024853656182451e+01,5.039136206624987846e-01
7.607246758734982350e+00,8.869134360373982062e+00,9.215169636380378115e-01
1.075648485014902533e+01,6.429522506043321428e+00,3.096527300218088752e-01
1.002538987740524590e+01,6.681076201724613028e+00,3.521868672650811383e-01
1.200544867228038370e+01,8.090715431745593378e+00,6.609701476735829750e-01
1.270940594918357469e+01,4.211222124201783323e+00,9.599130156840152139e-01
1.016102652508605608e+01,9.226073077868962358e+00,4.780292416218107077e-01
9.945531765705805327e+00,4.755356834791279574e+00,5.190321659552032951e-01
1.083808798704996690e+01,5.754130154783597462e+00,3.521602430166040354e-01
9.208992235571137996e+00,9.301687391816798822e+00,5.661208016852851133e-01
1.059187389128818069e+01,6.418424623720659028e+00,3.059759601926234640e-01
1.101039274083826847e+01,7.518373381139753064e+00,3.394073942557651602e-01
8.876804809757626202e+00,4.265167553629987118e+00,7.542352676759992436e-01
1.073839695835001784e+01,8.110116881746090911e+00,3.590474520204480768e-01
1.283901109746561175e+01,7.161352048290153149e+00,9.520630076425635746e-01
9.460625918165234793e+00,5.831380439618474298e+00,4.627216233652330368e-01
1.273016454803392961e+01,4.753696362419068677e+00,9.088103413740573622e-01
8.533553157670024092e+00,5.245140522355025148e+00,6.955259617817952655e-01
1.157148102981356175e+01,6.731449568134996397e+00,4.754837910166499482e-01
1.256476622686145106e+01,5.730835137846193916e+00,8.715757157199137684e-01
1.075682716650335458e+01,6.219176443177508062e+00,3.176931889553505917e-01
9.402622564182266274e+00,9.833060987894899796e+00,5.420391874287134870e-01
8.935504656700800297e+00,6.815061977370014290e+00,5.913359878821716764e-01
1.259957696281715123e+01,1.017431307617756886e+01,1.032538452734491852e+00
1.193195451898646908e+01,9.311952528752650338e+00,6.805132781867193614e-01
1.064412307613767439e+01,4.872946810246031824e+00,4.573705975941552149e-01
9.292322968971987507e+00,7.610585035786466612e+00,5.348708431049976619e-01
1.063767439625368816e+01,4.640107348798397702e+00,5.050129756352800259e-01
8.942124970683430263e+00,7.638309088263346425e+00,6.070581977833224840e-01
8.685048872515540808e+00,9.358843225545014022e+00,6.318134181582929498e-01
8.838232682460645862e+00,6.252024215159976528e+00,6.040484771560152844e-01
9.574452593835324876e+00,7.855664690976462694e+00,4.934977400057987129e-01
7.324848745300530872e+00,9.012184515226795867e+00,9.592803518602325275e-01
9.007424069891980523e+00,1.077005379438946164e+01,5.895107746873274879e-01
7.328765143923824610e+00,5.809635286316653158e+00,1.017749022725026098e+00
8.100023517824872954e+00,5.079002605804904924e+00,1.011145231257086552e+00
1.112544695285879115e+01,5.820764565287237069e+00,3.859486269554480153e-01
7.078434779684287470e+00,6.799862876717707394e+00,1.005920607223988128e+00
9.212868508392723754e+00,6.805600690385757545e+00,5.225008216017902329e-01
9.769215286436168100e+00,7.524470855704342931e+00,4.364567320780973203e-01
7.505648823998655850e+00,5.436428888378738833e+00,1.026172343687900890e+00
1.044012026506422863e+01,9.977317838973069897e+00,4.795836925844901288e-01
1.102305431274571568e+01,1.032136736066751936e+01,5.100503580375652657e-01
9.468994311944578968e+00,5.825992329563333350e+00,4.611318511914941909e-01
1.218432961017110472e+01,5.529048467995158589e+00,7.540103592295880341e-01
1.128104963692262253e+01,4.567392166657700869e+00,5.906066038131052576e-01
9.489204295646242571e+00,8.493977979304196069e+00,5.301673759460273638e-01
1.217775111240016273e+01,8.793186135070460097e+00,7.569589776290235328e-01
9.392441146416302900e+00,6.785136140618899248e+00,4.792915864979295781e-01
9.269241979602119486e+00,6.967784710581868879e+00,5.133496328474054238e-01
7.454131485257223133e+00,4.938269275412197956e+00,1.070966036348743211e+00
1.117784714273565783e+01,6.833664395649792667e+00,3.593761919301788343e-01
8.988393521812271914e+00,9.899989209327738848e+00,5.862949830090716796e-01
1.064932868767504281e+01,5.028466477589701000e+00,4.281314347401438125e-01
1.213451945723385705e+01,4.955844973354110117e+00,7.735534894698463670e-01
1.226244847054054254e+01,9.007900277087404817e+00,8.021812063800829451e-01
8.623374636797098702e+00,6.954424899449524133e+00,6.795965386073601344e-01
7.628036573480819982e+00,4.893583890349646914e+00,1.066005851801041349e+00
9.272511574956922686e+00,7.566460536446962593e+00,5.375478309418886269e-01
9.032150118167967534e+00,5.457023924789908165e+00,5.666462969205461331e-01
9.437209997196470468e+00,7.751427938023445208e+00,5.134776466375602366e-01
1.182931968939602996e+01,9.851586841194858835e+00,6.738550466656627602e-01
1.274534626956401340e+01,9.681532895592873444e+00,1.009369374801225572e+00
1.137655982803772048e+01,7.107750789927864687e+00,4.071733943434142078e-01
1.057942253231742313e+01,1.017287468146759011e+01,4.809423010161469891e-01
8.808208701705558141e+00,8.674728707971851804e+00,6.256898911095069016e-01
7.377388879495986096e+00,7.543565992933983999e+00,9.735598256278334972e-01
9.389869815292428257e+00,7.563632963969318723e+00,5.148681903837570850e-01
1.171257916191328619e+01,7.658948417149574084e+00,5.335235150355519540e-01
1.054291337595970113e+01,5.389792680835355121e+00,3.789359163659721808e-01
1.143498330211505731e+01,8.302782561398913685e+00,4.585043442187282103e-01
1.247139101798570771e+01,1.012568582868307487e+01,9.741978349754247812e-01
8.091601011366744700e+00,4.468335859456953330e+00,1.095038674591295003e+00
1.178958199990735167e+01,4.350742220237044044e+00,7.611145965313732553e-01
1.189837692669125957e+01,7.257309906111878206e+00,6.116896133772592448e-01
8.689999450724432251e+00,4.290918607396672968e+00,7.781251660018306815e-01
1.072068814400962822e+01,8.293122078109005813e+00,3.737830203116162542e-01
1.132365517621095918e+01,5.197276811326531742e+00,4.901582291316066708e-01
9.017181465791296091e+00,9.740045064126309882e+00,5.816934528980630681e-01
8.013461926765781840e+00,6.513153934592224026e+00,9.173475713467255099e-01
1.166167730134262115e+01,1.069253557846726643e+01,6.525728417982559204e-01
1.268402046080717227e+01,4.042341070497103672e+00,1.368537013846929939e+00
7.525666534931148455e+00,1.008873198211465549e+01,9.403871809050745600e-01
7.706794877614955297e+00,5.638222348596633182e+00,9.995676641611312974e-01
1.282362854265226559e+01,7.163716362700545126e+00,9.541188337616479664e-01
7.100274458003481115e+00,5.681410272939682038e+00,1.038376684886682888e+00
1.081337551867580871e+01,5.077506561287638220e+00,4.280131658885359958e-01
1.016482771391205020e+01,7.374649464699881030e+00,3.578757950069884064e-01
1.063293350601466791e+01,9.990664100467707698e+00,4.788261644483798873e-01
1.052031907765944574e+01,8.831900036096191897e+00,4.268629578369254052e-01
1.270834105597102592e+01,5.083199678900106377e+00,8.965967921937664231e-01
1.076513028006937844e+01,5.551186661351870555e+00,3.656313676330485984e-01
1.159939729973790179e+01,9.197005981738058722e+00,5.584440929877152460e-01
1.090601818472011075e+01,4.170775001495040435e+00,6.380231690230969699e-01
8.521594673552273846e+00,6.563817269421887701e+00,6.985124533157344162e-01
9.702805998422260103e+00,6.510602482227833221e+00,4.070264670745324942e-01
1.199528866158304652e+01,5.517260338355939098e+00,6.819854369805840033e-01
1.154396644962762508e+01,9.723872221503940594e+00,5.815845336255777154e-01
7.235714349147915669e+00,4.324654826187452450e+00,1.156689267125263099e+00
1.033273548042070189e+01,6.617740094219279889e+00,3.145026870879444325e-01
8.459986312380758378e+00,9.147250322642261011e+00,6.730152299067173605e-01
1.085435799119000322e+01,5.519952326228291462e+00,3.751568089368281789e-01
1.074468820924436940e+01,5.814586227637942528e+00,3.411689937505776316e-01
9.969638938498377456e+00,5.814719759119047815e+00,3.834409950675051748e-01
1.237282650789973815e+01,4.591467486193519854e+00,8.678163956332909379e-01
1.125011628553284027e+01,5.562702240133523546e+00,4.338042170028024724e-01
7.824680260718949398e+00,4.845344736449709977e+00,1.059336779473080581e+00
1.027659672992005113e+01,7.428702417409878578e+00,3.451878059992784520e-01
8.831677596407038422e+00,6.651387600161990932e+00,6.134152466131087555e-01
