3.247924827344128289e+02,5.306951140732002159e+02,9.727636612624535051e-01
2.477254043220166864e+02,4.078992976710005109e+02,8.884648699938502148e-01
3.854389045569325134e+01,9.772337606246431108e+01,1.925688828003505382e+00
2.442421072700597620e+02,2.502079768131907827e+02,6.923253026723683590e-01
2.660370337117163331e+02,3.591385540858607897e+02,8.401201573415146839e-01
5.289931572950607688e+02,2.493040520228105663e+02,7.705176185178201909e-01
5.173833789158455829e+02,4.145319226769333341e+02,9.193190581122829830e-01
5.963777977929382814e+02,5.211385681302142530e+02,1.000506937585158740e+00
2.806861853474417217e+02,4.154825926285064952e+02,8.931392792616972276e-01
1.765218819766037370e+02,2.053170458465703518e+02,6.461116524713022002e-01
4.299380284010838977e+02,5.796553335718580229e+02,1.007101036254071547e+00
5.080345029840200368e+02,4.892112071087346976e+02,9.686633855246662428e-01
4.114829264412322232e+02,5.795906732957149643e+02,1.005048912051298871e+00
1.363646632522043092e+02,1.349765673424038255e+02,6.009470319430252339e-01
4.586169508477753425e+02,3.712921308111427265e+02,8.711610349534407716e-01
5.975622367880165484e+02,5.557402116998625843e+02,1.017907665262070660e+00
5.993912903723920635e+02,2.275013183653136934e+02,7.821635647587835694e-01
2.068834872963242333e+02,5.712857717957674595e+02,9.889861528527974510e-01
1.598724121861069420e+02,4.938952636427563334e+02,9.556202405927315402e-01
5.307135059759456226e+02,1.229165469998248739e+02,6.462225863120019120e-01
4.711387343244363706e+02,7.989315754731813968e+01,5.639081832412721207e-01
2.315833046500554815e+02,5.026745074474603712e+02,9.552127836542060324e-01
4.745655746838015716e+02,5.040502277036638930e+02,9.727207076833276345e-01
3.240124310939211227e+02,3.883155288979843363e+02,8.690222039484997163e-01
3.878269239435319378e+02,3.999183002668760878e+02,8.853169145483689162e-01
5.745191979024746161e+02,9.083278728163200810e+01,6.566921279486416241e-01
4.301937454890994417e+01,7.831613253309348011e+01,2.579004699917466059e+00
2.046902976890023353e+02,1.212751199748387450e+02,4.300507704721461266e-01
1.018918449018235464e+02,3.502035827426460060e+02,8.893718337280358543e-01
2.743429814810481844e+02,4.055258446002622463e+01,3.586397609897817307e-01
4.748435560969837184e+02,2.387176038790121879e+02,7.335449152091120251e-01
9.797604897395051182e+01,3.966288940091621384e+02,9.192927894185621840e-01
4.125060574681043590e+02,5.749414165521098994e+02,1.002973918237677120e+00
4.285124107737498633e+01,4.364239337374186221e+02,9.601832987913716533e-01
3.948338580548422101e+02,5.211494956242333956e+02,9.731388944890626558e-01
3.701180208243818015e+02,2.407312107240910848e+02,6.910540296153261375e-01
5.681216912865346558e+02,1.681941982555200070e+02,7.113248488583372442e-01
3.586698907101136911e+02,1.028234172057947404e+02,4.720159032553954970e-01
4.675333732490335024e+02,7.025122245617433236e+01,5.550118851135664721e-01
5.572550442508374999e+02,3.497157624000471969e+02,8.763659396497865961e-01
3.446970637092811103e+02,4.479633081978975611e+02,9.207973985185479160e-01
4.178902250613204217e+01,8.767865003111911903e+01,2.188431371388929403e+00
4.366107784567440717e+02,5.241318930233744595e+02,9.794423482015732763e-01
2.444804828647281170e+02,4.440967726016166353e+02,9.171684386676272061e-01
5.194871708164475876e+02,1.874905352805748464e+02,6.999893685975244750e-01
2.476501900526626514e+02,1.777719154288544701e+02,5.456115177551233986e-01
2.607331354723612549e+02,3.238910104399967622e+02,7.996314400554959123e-01
1.768456583163072935e+02,3.452268037827213334e+02,8.456188850244010791e-01
1.408214560660001382e+02,1.400463245514015576e+01,1.058680121237155047e+00
1.651384541593421886e+02,4.012158443203816205e+02,8.977620135362337495e-01
1.250037647624571520e+02,1.485274757194458175e+02,6.574612063463165512e-01
4.225892017795806055e+02,4.728916555436674685e+02,9.462143780865869269e-01
2.117187628681363094e+02,1.616135882489021753e+02,5.192552145910356298e-01
2.142575112072902073e+02,3.026499867106082888e+02,7.821423860858047750e-01
5.498787246983869181e+02,2.912100709809275827e+02,8.210282186739303878e-01
4.638312572195661119e+02,4.507407690576020514e+02,9.365585339127888709e-01
4.142503163749867667e+02,2.124709219318793174e+01,4.934169109463950598e-01
1.637835781195489631e+02,2.001893650220102927e+02,6.516955790711324026e-01
1.348593522873453878e+02,3.110074366665415013e+01,9.595156875264916341e-01
3.768672923487111461e+02,3.564100966930398613e+02,8.416978192107527068e-01
5.782278614215945254e+02,2.948211342855646535e+02,8.346493109106936092e-01
8.825547250242610176e+01,1.198245839978951039e+02,9.011836345236573509e-01
5.862303956106921987e+02,4.113969687046950980e+02,9.314243683231795412e-01
2.446586125032779648e+02,3.170484353535011337e+02,7.932881792003283472e-01
2.733664958180517601e+02,1.977758103906789984e+02,5.890076217811387460e-01
2.714081813253498581e+02,4.560469259353199050e+02,9.247503137544292873e-01
4.084645155977337367e+02,7.928548946102853279e+01,5.017188127869238734e-01
1.181282904594273901e+02,3.973071134483579385e+02,9.110461893810569700e-01
2.001889798924364356e+02,2.667472157434914379e+02,7.362320152957835262e-01
5.776250670671734042e+02,5.865015246868863414e+02,1.029080624677798372e+00
9.103732027946593064e+01,4.012209313718846602e+02,9.248759856376351784e-01
3.601273101509974026e+02,3.433395565774677038e+02,8.252377967836695971e-01
3.831486879947429998e+02,5.542026815931538977e+02,9.898165553822364515e-01
2.278208517599943832e+02,4.269347127130649255e+02,9.057434211365773535e-01
1.414948599263250628e+02,2.078949164874810549e+02,6.987514442941221704e-01
1.858659450416077519e+01,1.034556542448058281e+02,2.154052697693690011e+00
1.018283426318037215e+02,3.071205218082716328e+02,8.593471419514098208e-01
2.751087702592874962e+02,1.525955497292661960e+02,4.937985421907953865e-01
1.145409794223625681e+02,7.771328006178509895e+01,8.368503216518360377e-01
2.846235472217991855e+02,5.234716783226441521e+02,9.669379277421870089e-01
2.871810802088674563e+02,2.483868879964462337e+02,6.855835212711827165e-01
2.251255814382856499e+02,3.781196756970576303e+02,8.645633153054405051e-01
8.687788392475540888e+01,5.605957185981247903e+02,9.907622354663484510e-01
7.365274984255734125e+01,1.264607666353032300e+02,1.002133469110566111e+00
3.255178644101691248e+02,3.380366323882826691e+02,8.157640978950225774e-01
4.313057568024836996e+01,4.070372087837716890e+02,9.509104104399018764e-01
4.289885661092120586e+02,1.940686006581669858e+02,6.517665261168806845e-01
5.015495775703036543e+02,1.092848042866100542e+02,6.119260997205567820e-01
4.356607368841437733e+01,1.671263455548635193e+02,1.042365315805178216e+00
1.193357501837402594e+02,2.391002919465739467e+02,7.759689535328051502e-01
1.064995144975796109e+02,4.827256131818937206e+02,9.588145823050843175e-01
1.964925291761580866e+02,1.602780829262911197e+02,5.276039878358304014e-01
5.872647566659383074e+02,1.502727365999689368e+02,7.080301916380968841e-01
3.203263375545257929e+01,5.321687409644697482e+02,9.903054394068846467e-01
5.923935735180818085e+01,1.562387409050703582e+02,9.858586992179557695e-01
4.243657239479896930e+02,1.117933749890059971e+02,5.457192685575771307e-01
5.566880621204819590e+02,4.994716561748175536e+02,9.823622532645418515e-01
4.933642644508448711e+02,4.352504915903608094e+02,9.302497983042125052e-01
2.926877384403704809e+02,5.275478043327874502e+02,9.694404337018197593e-01
1.132686394339752951e+02,3.064760697971303216e+02,8.483012003084200447e-01
5.292733001198830607e+02,2.001546247663409019e+02,7.190522095100647659e-01
8.290033569879214781e+01,2.982359272954348626e+02,8.731813335404029486e-01
1.991788406506283877e+02,2.401826476393946734e+02,6.926438099050093999e-01
3.231247073885323857e+02,4.735513481852914310e+02,9.378665773771429626e-01
5.374066645353825606e+02,1.974761340409831973e+02,7.209705283076093263e-01
5.635527710749465058e+01,2.560531627756496391e+02,8.972891947422108050e-01
5.058167838084951882e+02,2.443681284578985640e+02,7.545944850009852489e-01
5.749126859768863369e+02,4.237275143127479282e+02,9.376875450970258985e-01
4.111962948997123135e+02,5.020959090300698335e+02,9.636163448852949065e-01
1.714177007965694202e+02,5.724623034454813251e+02,9.898843675177361190e-01
5.402120300480919468e+02,5.442173243313377498e+02,1.003955124557116552e+00
3.119168405041367009e+02,5.096191261789586520e+02,9.601262989580301443e-01
5.590574648165696772e+02,2.159447210717185044e+02,7.512717398925209400e-01
1.826564439334407837e+02,4.078358370355843476e+02,8.983712420799965237e-01
1.775106701099074940e+02,4.997952241248772225e+02,9.568122122361295556e-01
6.029033838377752375e+01,5.362862102549418069e+02,9.865791639199091856e-01
5.699625182333160183e+02,6.770247168186047304e+01,6.410675907987457567e-01
2.944125794004704062e+02,3.552970242787325788e+02,8.346129462778231201e-01
1.645438814065543056e+02,3.270066550008694435e+02,8.325970648400717877e-01
5.220973065618488818e+02,4.520915702331243438e+02,9.471073952708941590e-01
4.450289365188095871e+02,3.544516119822736187e+02,8.522299394830077368e-01
2.678123379788682996e+02,5.344916476858187480e+02,9.723674482308362066e-01
5.711487904462143206e+02,5.881136529362422607e+02,1.028894614305744915e+00
3.210492615377408754e+01,3.933941043717437651e+02,9.533354038904471306e-01
3.611698357517011573e+02,1.520003152817262162e+02,5.436273931378080571e-01
5.463100991005510423e+02,3.837017891823843456e+02,9.015855081856993802e-01
2.645544307120361509e+02,8.963109859461381745e+01,3.722908726002174262e-01
5.709095961337433209e+02,5.061772907082259394e+02,9.884138418485434174e-01
2.985260074437529738e+02,9.990256756560143003e+01,4.113867051857492130e-01
4.441410924649749603e+01,5.601895009299458934e+02,9.956039705063245426e-01
3.372714874762410773e+02,3.322518480654705968e+02,8.098650602745536276e-01
4.625149351233270067e+02,3.054761494871524405e+02,8.057806387288845018e-01
5.078980070570805196e+02,5.345312197894651263e+02,9.943926328451468954e-01
3.465357173769104406e+02,3.196606962109843266e+02,7.955960423974186568e-01
4.646005115968708310e+02,2.351014132986291827e+02,7.242677825941810088e-01
2.628757517494641434e+02,8.844332386645436372e+01,3.697879768334420003e-01
5.572524171841906764e+02,3.677149087059685257e+02,8.913649426382984631e-01
4.356928695957222999e+02,3.394206015682935345e+02,8.349115463052950714e-01
1.052737567053232652e+02,5.187134746122833349e+02,9.738074359439902183e-01
2.737859267976362432e+01,5.248901636492289526e+02,9.893878119267314197e-01
1.987400082198560654e+02,3.102880480349113554e+02,7.977701444947130627e-01
3.283091177265247893e+02,1.565052386972762406e+02,5.284325741233432128e-01
5.959448807053456676e+02,5.300183328193757006e+02,1.005024232587432564e+00
2.563801413371112403e+02,2.076729274883253424e+02,6.092035698893619733e-01
2.466037798139551853e+02,2.308099468671876195e+02,6.563728922561212764e-01
3.138626713277798217e+02,2.071626564138038589e+02,6.157509918559394002e-01
2.489843781322680343e+02,2.848060852842579038e+02,7.475944656867994365e-01
3.739909261058238599e+01,2.502626767603308053e+02,9.370685698485351489e-01
2.227829891881992239e+02,2.981927148431629462e+02,7.733403294296815611e-01
5.280533002327598524e+02,3.336900164947173266e+02,8.538900687768428144e-01
4.229463895449801498e+02,1.930614240739448917e+02,6.466991906121014599e-01
5.397714721006066156e+02,2.392975970232353333e+01,6.041213390949964346e-01
1.665438081276689104e+02,5.434467872648637012e+02,9.781463154899954215e-01
4.764919862102204888e+02,1.240776405298961436e+02,6.039622599427406646e-01
5.565264231790609983e+02,1.706133017278187651e+02,7.063064217934735822e-01
1.633515868647054106e+02,6.708509438097023292e+01,4.675827141653660091e-01
1.453899622385580699e+02,5.553178290989244204e+01,6.216644557205833754e-01
2.887556000479967224e+02,9.432599920384650716e+01,3.956974774793252658e-01
6.674059453958552979e+01,2.911025618669489177e+02,8.894827326111517385e-01
8.264242767198184936e+01,4.167414389726717445e+02,9.360702739479943579e-01
3.152560252001446202e+02,4.241151179368775388e+02,9.005354000760965594e-01
3.210301018053532118e+01,3.944851346976063837e+02,9.536136657866453037e-01
4.111346659457372539e+02,3.103860145409334450e+02,7.968523710543014005e-01
5.104151222707422448e+02,4.424658345740468803e+02,9.384175025619891919e-01
1.628554567099712074e+02,5.514354948837515167e+02,9.817048500528430255e-01
4.353805228232152444e+02,3.977638867928654349e+02,8.904274311275515164e-01
4.140789368985405758e+02,3.141444924452122791e+02,8.019724543901443070e-01
1.353292561185045315e+02,5.477825905306381173e+02,9.819383717127888600e-01
9.018617317818059576e+01,6.958159266810402244e+01,1.372679599411906093e+00
5.730215431390407588e+01,5.546126069891167845e+02,9.923695233290826812e-01
4.455496754964884190e+02,4.394983388193917335e+02,9.256089638063637048e-01
4.501754157239498255e+01,3.792327663809913361e+02,9.410910306245807710e-01
5.889511288757192915e+02,2.965269347966706732e+02,8.399968897321306027e-01
5.782622399578763179e+02,2.336246227688835688e+02,7.777909674917576899e-01
5.720385349644240023e+02,5.283868429687312300e+02,1.000527226990857832e+00
3.895169296539044126e+02,1.669080672355313197e+02,5.871258233825386030e-01
9.978946109125828912e+01,4.272690783493413278e+02,9.346407850726871080e-01
4.121840373923071184e+02,4.833802144775791021e+02,9.519291863982300983e-01
9.593552227333910309e+01,2.340678625021647576e+02,8.121267268281340268e-01
2.540705624712765598e+01,1.154147461051441468e+02,1.719527732178152579e+00
5.524378957552726206e+02,1.549497396770663897e+02,6.893714465991718221e-01
2.960163945089799427e+02,1.686677755925860822e+02,5.348138244260470797e-01
2.914072778952943281e+02,7.392756871413570252e+01,3.764358587386041899e-01
2.367432909827300307e+02,3.890460650082490019e+02,8.729996500206094190e-01
5.747713841416354086e+01,7.419589742869501947e+01,2.246023475266901492e+00
3.162162123653773733e+02,7.741623813646397423e+01,4.029090255795878539e-01
3.683944360635744601e+02,2.550912874655570022e+02,7.120053584339685049e-01
4.445761582479195226e+02,4.230946934077550168e+02,9.128665539115278227e-01
4.481338491885578605e+02,5.012869642963019601e+01,5.279937606579838683e-01
1.096870914051705341e+02,3.789590930552545842e+02,9.033711601873037900e-01
3.363162517709441772e+02,4.791670736654445477e+02,9.423594047290461129e-01
5.135867136446063341e+02,5.918952213537950229e+02,1.022862398189591016e+00
4.906884733079380112e+02,1.585209141233644630e+02,6.500547768443014629e-01
3.196445800400690018e+02,3.601816146926864235e+02,8.403202672620964098e-01
5.861801766215506859e+02,2.123230198152737387e+02,7.618375318098959958e-01
9.232000274728430611e+01,5.587784637949680473e+02,9.896349321261875831e-01
5.230908009441184277e+02,2.288957109590452603e+02,7.461211258006407165e-01
3.964765808090838846e+02,2.901950837459116883e+02,7.682990965841904885e-01
2.861385291830262645e+02,5.278570538590848855e+02,9.693721768786539572e-01
2.528418280307739394e+02,5.740056684904267286e+02,9.908960494916768669e-01
2.984125112434256266e+02,3.935766241125827491e+02,8.734355563743582129e-01
1.082335118956676894e+02,1.755156166877566193e+02,7.384310481634335233e-01
1.466995864121935256e+02,4.584219943526025531e+02,9.388491056754039166e-01
1.686534415692919140e+02,2.794184368041049424e+02,7.739703206937579294e-01
8.246145669974474401e+01,4.592336382452559178e+02,9.546721989443032186e-01
3.815891462888667434e+02,4.755739948909345003e+02,9.435185476783957137e-01
2.411131192941793415e+02,5.055804340269144177e+02,9.566317497206303644e-01
4.720841803126748459e+01,1.550074072345404375e+02,1.069440540986241306e+00
2.929405713818903791e+02,3.821668020156130865e+02,8.625501773683683648e-01
2.045527855811175755e+01,2.404470561478959780e+02,9.836946204306759034e-01
4.169511458233060921e+02,3.499736426356014363e+02,8.418383956205819363e-01
2.153153904788372586e+02,5.734973117538470433e+02,9.899490083132316265e-01
1.402132327476131302e+01,2.406738649298705752e+02,9.997877564842748699e-01
2.739189616627242572e+02,3.575328437246866287e+01,3.618914631921838487e-01
3.311044824271227185e+02,2.870899773846236940e+02,7.503462915065084449e-01
4.949839343958057043e+02,5.070890165216368928e+02,9.773696480363595063e-01
3.040241755707384641e+02,1.038944143834874581e+02,4.217258733938082926e-01
2.475518459758848735e+02,5.257212830831657584e+02,9.675353273297058188e-01
3.073201305682444513e+02,5.855950060608056873e+01,3.833146032258273883e-01
5.000192309027675037e+02,5.606559301233641008e+02,1.006601187244036355e+00
1.655451059798587892e+02,5.376595308573375860e+02,9.756948373188537582e-01
4.856433071991450134e+01,3.482839044771940848e+02,9.287344603089846551e-01
2.253761069099359986e+02,3.934621395115229916e+02,8.785502846937518484e-01
5.408461353011538222e+02,4.857687975486712730e+02,9.717635078794878423e-01
4.906380122622178988e+02,5.940442539442783527e+02,1.020880292988694649e+00
2.169385983002047453e+02,3.583887187197752269e+02,8.467369717871772172e-01
5.759677973114619363e+02,2.867600950730962381e+02,8.264859372044461860e-01
1.961118170014491682e+02,4.608368069676328673e+02,9.327511476564493975e-01
4.481625626316744047e+02,4.459709551855885366e+02,9.307711640640480288e-01
1.936349385903197060e+02,5.077098048082144714e+02,9.596785788630117775e-01
2.370571327086484246e+02,5.028564437139945653e+02,9.551748113633555803e-01
4.876721032096693875e+02,1.928202037748246482e+02,6.863145739198855955e-01
4.487188775267165397e+02,5.146411844494755314e+02,9.755174755488988936e-01
2.761348292871728063e+02,5.254776483468081238e+01,3.558372043478733038e-01
5.819688829904131353e+02,2.877451692384285025e+02,8.296096388928723142e-01
4.576565375307023942e+02,3.548926622220891858e+01,5.342750210253010001e-01
4.334616379588961763e+02,3.665736786780432794e+02,8.616208301120180657e-01
3.525040818600387524e+02,4.684898909847815958e+02,9.361828677498238438e-01
3.004011730746009334e+02,3.870638786671927960e+02,8.672667569209001615e-01
4.416788317028476740e+02,2.142193876531268586e+02,6.860301530052216323e-01
4.646218119331905427e+01,1.114388167150296738e+02,1.477286408204421475e+00
4.911337489562068299e+02,3.093134565085846930e+02,8.188586126820144306e-01
2.818201360926112784e+02,8.115416345048996050e+01,3.746913337345139650e-01
4.723325311045838362e+02,2.359323563804225330e+02,7.290068469457017253e-01
3.428069520017706395e+02,5.248163056414175571e+02,9.707072393844790037e-01
2.522791157896885750e+02,2.582777568113571078e+02,7.046791127770835050e-01
2.210870854683059292e+02,2.166876286731498524e+01,4.028757659723099516e-01
5.930823494732403844e+01,5.492870671799978481e+02,9.905678728716004189e-01
2.487925299636207512e+02,4.603639274407943276e+02,9.283876517874215528e-01
5.023217489711314556e+02,4.249464462555429805e+02,9.242613859391789477e-01
5.693873761967245173e+02,2.412971810400722177e+02,7.809518102281491903e-01
2.265643996650937027e+02,4.212867605504400217e+02,9.015150806519882654e-01
4.448369341648902378e+02,2.467121410913918922e+01,5.219360676580825364e-01
1.280991702832080250e+02,4.283670329593765587e+02,9.262264341088143338e-01
4.528895650888507021e+02,5.109001294667406228e+02,9.738726814120064468e-01
3.980231513064827027e+02,5.373762342582957672e+02,9.824699574353239484e-01
2.377501359233515927e+02,6.956332334634420533e+01,3.425264128932852259e-01
1.603023401967588768e+02,5.047719884168259910e+02,9.609584250658180782e-01
5.442794537059110098e+02,4.652925111500922526e+02,9.596419009715512205e-01
5.288939780443612904e+01,1.465031082640145712e+02,1.070259552803682013e+00
5.645541385732624349e+02,3.205715311510125503e+02,8.531522981846215714e-01
1.214939009716976059e+01,2.504987062078613178e+02,9.937740026875552246e-01
2.542700640216416019e+01,2.577250351264385131e+02,9.590716042002047637e-01
4.505623236065704305e+02,4.995715910862468263e+02,9.668240548370355958e-01
1.222215013413387936e+02,4.114716874593029274e+02,9.181405967470440688e-01
3.011023310455748856e+02,2.494968322092325366e+02,6.884851541503150818e-01
2.432285397109506846e+02,5.445467997143072125e+02,9.770281787909759208e-01
3.471981497680267807e+02,8.165955898059061724e+01,4.386933744501830268e-01
4.446500424440504844e+02,7.609888107670712998e+01,5.362247739503371857e-01
1.508711112486526247e+02,4.181109832427694641e+02,9.135058088801162324e-01
1.588355501637115594e+02,2.863639077186707027e+02,7.899685912637500751e-01
2.862654017043660701e+02,2.038523270412451893e+02,6.029186814493487923e-01
5.490351780295770823e+02,4.603442094979502031e+02,9.573011674642933899e-01
3.887200810897695646e+02,2.272418277533254525e+02,6.781064307525714874e-01
3.151339685501671397e+02,2.382154186829870639e+02,6.714167055390389827e-01
4.369199717472259863e+02,5.224353203509205059e+02,9.785237862073888904e-01
3.243069176581724946e+02,1.676820431297604728e+02,5.464576719659318682e-01
1.518127841505146591e+02,2.282585191216928706e+02,7.156130399335268732e-01
2.626259730429660522e+02,4.693836439721878833e+02,9.340582366174794426e-01
1.767856248434467261e+02,5.198178498164054417e+02,9.668152813211076113e-01
2.264354539022911013e+02,4.437278802734963392e+02,9.182424391641386130e-01
5.033750214093560658e+02,3.307210560125404868e+02,8.439290626999070843e-01
1.352761117435609890e+02,4.071722620258713619e+02,9.110180830540339780e-01
2.614920111121309674e+02,3.019397051329838746e+02,7.704793834270923236e-01
2.188338004139168049e+02,5.613096107244974746e+02,9.846876800867636614e-01
1.364280765794135277e+02,5.349204870511966874e+02,9.767043842279928834e-01
3.467815662667390484e+02,2.127040515619258088e+02,6.372446368369388825e-01
1.092207844356491648e+02,1.731733816603717742e+02,7.335668709299262291e-01
6.621366556060510788e+01,1.181495048170979629e+02,1.135117628123491818e+00
6.270047587689541757e+01,4.069886533374860278e+02,9.408993567385501855e-01
5.773524386023898387e+02,4.664366894395569147e+02,9.661915996593379852e-01
4.335293315948866422e+01,1.247462920701739506e+02,1.333826583201524363e+00
3.995422903743079814e+02,3.249622485095750903e+02,8.110904756253176640e-01
3.472780618721570249e+02,3.448169183006147591e+02,8.254058993421948820e-01
1.808147318134216448e+02,5.029732817858683802e+01,4.261298578548367022e-01
8.295405255097125519e+01,5.783018937337025136e+02,9.966100150041052874e-01
1.765418518562484564e+02,3.433612574226591505e+02,8.438764462699981372e-01
3.764233361859795082e+02,5.123419510728506339e+02,9.662559107493565724e-01
2.571289369972924987e+02,5.914081319898300535e+02,9.985300668942418412e-01
2.572453937108512534e+01,4.036898275950299109e+01,1.119512467858006488e+01
1.776023116933043866e+01,2.921001114943947528e+02,9.595937368754730024e-01
1.470509708922486993e+02,2.932404056422953431e+02,8.070071134148202319e-01
2.079735879429769057e+02,4.593762180278420715e+02,9.305639047548450726e-01
3.178449611838703390e+02,4.729308956780792528e+01,3.922694909436455490e-01
4.867141892956323090e+02,1.756440393012768766e+02,6.661090202022310613e-01
9.281192646637568089e+01,1.326703317781474709e+02,8.273964938544127179e-01
4.691576722808306954e+02,4.918718708455051569e+02,9.646045991120718588e-01
4.089427819409269773e+02,1.191826950146742803e+02,5.393314799209522059e-01
2.299283702964432621e+02,5.218754769327149461e+02,9.656442741040206501e-01
5.917501667241082259e+02,5.349371400029739334e+02,1.006876895252362125e+00
4.896092046295943305e+02,7.621264890980903317e+01,5.786601070374136624e-01
1.805045032386728394e+02,1.352703059752089985e+02,4.893105626980057132e-01
5.375631617922053920e+02,1.941534294568692758e+02,7.176873699584622734e-01
1.979522989490898794e+02,5.379675902077636920e+02,9.743565829173309600e-01
2.679549434106939430e+02,2.717294721077480801e+01,3.688874184204767870e-01
4.260175690116666374e+02,3.110757940472236882e+01,5.035952815363062829e-01
2.960811250758360984e+02,4.045754968787517782e+02,8.834760085865346335e-01
2.807052029661258530e+02,4.728607449684539574e+02,9.362594346226247310e-01
1.707397094814571119e+02,4.185072861512176132e+02,9.088510542894225885e-01
1.991861501399966130e+02,5.262190685118909528e+01,3.730528972518926678e-01
4.102797021179800936e+02,1.944353324915592509e+02,6.409883019562363504e-01
4.032489904445597517e+02,3.415408726148758092e+02,8.302548027788101415e-01
5.200768096155238709e+02,3.974492954568282812e+02,9.066230338177767578e-01
3.785753550921355099e+02,4.277425992577373677e+02,9.078820131116238645e-01
2.087437468294943415e+02,1.768319511551362382e+02,5.566556119980154982e-01
4.761409338321402629e+02,1.489964728344262710e+02,6.290750931089512665e-01
5.894781371476177583e+02,6.409117382258840223e+01,6.540094875358908322e-01
2.843609679121428258e+02,5.705337066188038762e+02,9.905875617707211589e-01
5.870347976575958455e+02,3.581456746815482006e+02,8.914482734866111535e-01
6.909883262237850943e+01,5.332481845178637059e+02,9.842743763678464264e-01
4.672908957515257384e+02,2.843050607413104558e+02,7.837393722561643017e-01
3.836963062098314481e+02,3.462723188479260443e+02,8.318997302860777765e-01
5.331255157078217053e+02,4.864815703365305239e+02,9.709455511647118175e-01
5.577183115978393744e+02,2.058603011458273215e+02,7.406932856670278564e-01
3.213110153782515681e+02,3.978375629569545708e+02,8.778389087949478586e-01
4.716222699636022071e+02,1.060498877890461387e+02,5.835521242550411047e-01
2.932522626760688240e+02,3.214247246449214401e+01,3.767294991660398717e-01
2.927891143960308682e+02,1.888505855815644452e+02,5.744177590111981813e-01
2.616125272441420293e+02,1.358003481990087096e+02,4.537444278037000567e-01
4.395521941067555076e+02,1.887834049207170040e+02,6.512656189181766919e-01
2.843874105091021534e+02,5.414236691407817261e+02,9.764445444690952325e-01
2.618776777408742191e+02,4.534616292893542067e+01,3.496404503715362933e-01
4.048451933183269489e+02,2.571017117277287980e+02,7.271928066677139091e-01
6.361136685246054867e+01,2.761771660336860919e+02,8.886960361515570117e-01
2.173827902077540841e+02,1.252141102850719818e+02,4.310963091054781371e-01
1.508279724088258078e+01,1.003608890323995695e+02,2.335889578882611506e+00
3.650935639353568831e+02,1.744109428199282092e+02,5.824919938615705783e-01
4.841151109728470487e+02,1.978352745474734604e+02,6.899776240257148308e-01
2.206664528328088011e+02,5.760679337403123554e+02,9.910865407635601754e-01
3.646269842345253664e+01,1.529814899850230177e+02,1.156193560039548096e+00
4.894238562732375897e+01,4.545961678460365647e+02,9.636210526948215671e-01
5.625838681377108514e+02,4.593017634101803424e+02,9.590537253648010463e-01
3.232882597670951554e+02,5.141869481472563166e+02,9.633839314778084306e-01
4.991342217097589895e+01,4.879693230653807632e+02,9.739040160277903091e-01
2.764614204506520423e+02,3.452185939492271700e+02,8.239119613102632300e-01
4.657701614344628638e+02,5.282362876743093238e+02,9.853439962178839329e-01
5.973220482203372512e+02,1.196121495526363958e+02,6.914266500295234152e-01
1.150199175644352749e+02,2.452336597333978148e+02,7.891279527604851962e-01
1.228048130892656786e+01,5.860619821774249658e+02,1.005782278763235560e+00
2.368307545924942303e+02,4.148208549732241863e+02,8.952547522225060561e-01
2.940825273674469145e+02,1.987982075124373864e+02,5.944928351453749871e-01
4.076547291943727487e+02,4.246341648106964044e+02,9.087702567881389415e-01
1.431879149815748633e+02,5.201322688471919946e+02,9.697967753660698964e-01
6.673755505502903418e+01,1.893074093812496130e+02,8.872322948161607270e-01
8.069500660411978288e+01,3.421884261203219921e+02,8.998445432805802779e-01
1.110976958031269817e+02,5.180754978946613392e+02,9.727470536434486004e-01
1.848539273911766827e+02,5.013543568920657663e+02,9.570007536333688947e-01
5.109942720767058404e+02,3.876628303330561494e+02,8.967375624483849839e-01
4.228806628628524891e+02,3.391807789231818901e+02,8.317780836692953983e-01
5.036671403801351516e+02,5.915524276061308910e+02,1.021432804298979535e+00
1.275397578972983155e+02,2.944687080299678428e+02,8.246132844384065352e-01
7.674849081793433925e+01,4.348311026816595017e+02,9.463482559964172536e-01
8.244564762384221979e+01,3.419824642273418362e+02,8.983649129583903825e-01
3.593413116300204706e+02,5.448519094029076086e+02,9.828566797681188572e-01
2.093307419775226776e+02,3.013282151984959114e+02,7.821203580382960485e-01
2.539101752767768403e+02,2.751275957642338312e+02,7.318851181006518214e-01
4.057522571361938049e+02,2.185276607500021555e+02,6.732805035842325259e-01
5.167309100014842898e+02,4.034629443280523446e+02,9.106568457356770674e-01
4.478072162085085779e+02,5.849139927987497458e+02,1.011577479632737475e+00
1.526192926463824335e+02,3.876516809638894188e+02,8.914780414450603763e-01
4.723708829460071001e+02,2.217973537766598895e+02,7.119545126777905297e-01
9.468518488924205201e+01,1.698284021050201034e+02,7.857915215541505516e-01
4.995352581867128947e+02,2.285712641008789490e+02,7.338857787198630467e-01
4.891233148766147565e+02,2.765914279537798279e+02,7.831867798480158793e-01
1.409333478211813429e+02,2.355072538223429888e+02,7.403708545415267350e-01
5.849953943053642433e+02,1.731744659904715604e+02,7.259613344145537939e-01
5.652646088980770855e+02,2.546518354712520704e+02,7.919591510281336344e-01
3.145348734061108189e+02,3.181923205050808292e+02,7.908188673306422167e-01
3.826322474707573065e+02,2.964045540132726160e+02,7.727440895444116498e-01
1.091304374123676553e+02,1.064473204988764934e+02,7.649375226258935401e-01
4.498236944127749553e+02,3.245860440675095049e+01,5.266035088692501143e-01
1.212294144082622438e+02,3.565033443301733200e+02,8.820330823277673371e-01
2.224719110901984322e+02,3.386968988740789541e+02,8.242120615854001686e-01
4.422976614932691177e+02,2.179750104917604006e+02,6.912919251469920034e-01
1.776897639566330440e+02,3.907961997808722003e+02,8.862375476011763453e-01
2.147164546291421630e+02,6.617830953592942933e+01,3.473912436787772173e-01
4.980444465143322645e+02,8.845103667671349967e+01,5.936600280189215928e-01
4.596178205166435760e+01,3.928606746721716263e+02,9.448345360854408792e-01
3.791294504867263413e+02,3.213504024207896919e+02,8.028101235327129714e-01
3.297918777230179330e+02,3.928867894550323854e+02,8.736254099129354689e-01
6.437995377232590499e+01,2.677763126733439094e+02,8.850328595459344694e-01
3.635686459303413471e+02,3.139513891531483978e+02,7.910486770658169409e-01
5.771913669428946747e+01,7.521864748846152793e+01,2.193470289119839656e+00
4.624549990959481534e+02,1.460402013047556657e+01,5.390641934577031780e-01
2.346746052386450003e+02,4.016562346534900598e+02,8.844536569791187075e-01
3.611983762022668429e+02,1.881014195437650471e+02,6.027357056799438340e-01
3.244853935369523583e+02,3.153849968792493641e+01,4.028924037084684606e-01
1.840984014435287008e+02,1.503283384284526676e+02,5.181910647500338474e-01
4.845989865771007885e+02,3.284784035434091720e+02,8.363660140096770279e-01
2.285199683570201046e+02,4.652504606989045328e+02,9.327093437094446937e-01
5.228740175653638289e+02,5.868509391578000987e+02,1.021839615882249586e+00
6.487860787456276057e+01,2.818576747380685106e+02,8.886487073244331292e-01
1.969624996617945953e+02,2.635996587053833764e+02,7.330367108442037427e-01
3.665788629331332800e+02,5.948564173661766574e+01,4.460321364306101266e-01
4.945872871744291501e+02,2.522735819574490677e+02,7.583156089491964735e-01
6.647853897948436952e+01,2.983884615718501436e+02,8.927064280746098701e-01
5.135855209780519317e+02,3.075691000692925172e+02,8.243758907408095249e-01
2.993822608926251974e+02,2.366010088002997946e+01,3.886098566971072921e-01
5.668725897986689688e+02,4.742185897099719796e+02,9.691288051494871825e-01
2.538975217477497495e+02,1.845633186019392724e+02,5.602966361029574349e-01
4.160646171937258373e+02,5.380877313295599151e+02,9.847612329551471699e-01
5.803289645706158808e+02,5.710036053630454944e+02,1.022529908205276783e+00
3.347959021147698877e+02,5.179423038649276805e+02,9.662548807439549359e-01
1.055814971471357637e+02,3.908950325620367039e+01,1.588845050558738148e+00
2.530265472962209685e+02,4.729064729312729014e+02,9.365910952226953468e-01
6.191116170636649230e+01,4.554625014543119619e+02,9.595336285637071638e-01
4.324811747350676683e+01,9.714235106523811680e+01,1.841042392521770710e+00
5.852737742567192072e+02,1.202247280465728068e+02,6.836720364946244910e-01
2.557495063813695708e+02,2.084527518517396345e+02,6.108522820833276468e-01
2.098703363642302691e+02,4.676552881550118741e+02,9.356450426839882928e-01
2.904729425770817102e+02,3.591215895403444165e+02,8.388533219844542810e-01
2.023575822938809949e+02,5.486038391139030637e+02,9.791331656745581036e-01
2.183760343691215056e+01,5.895123181276319428e+02,1.005426327799927577e+00
8.113128233297987890e+01,1.350966644627619644e+02,9.043924215577695547e-01
1.131353014124362062e+02,1.063103150460421347e+02,7.326704220799458156e-01
5.620339519109946878e+02,4.553835038885709992e+02,9.564355032123428302e-01
1.962783774234894736e+02,3.996610126650784878e+02,8.890085927096389451e-01
3.624452658001306986e+02,2.643336749604063698e+02,7.238514462858836040e-01
4.925657997371120587e+02,1.638963055085833105e+02,6.571557980264995935e-01
4.319727356197652171e+02,4.507190190968906336e+02,9.319302276629282122e-01
4.509214566078828170e+02,3.034248625922909923e+02,7.999472135527393446e-01
3.483241774565641435e+02,3.871762831291435418e+02,8.694573608492895955e-01
5.332789001681910577e+02,5.541732639025517670e+01,6.067523676272458255e-01
1.139293428103839858e+02,3.073871619630106125e+02,8.484782911561146168e-01
2.207303985869400833e+02,1.412815149282452580e+02,4.666247902957361138e-01
1.967337518480458129e+02,4.317075576653880944e+02,9.132647600484633532e-01
4.430736380416506108e+02,4.980317300473243449e+02,9.649242405872709982e-01
3.766312775394148389e+02,1.653311218270975473e+02,5.757028016136179760e-01
2.497888537769777031e+02,4.542670288883911667e+02,9.241362156597413557e-01
2.139721927664519967e+02,1.422178414148216348e+02,4.719440162315625686e-01
3.418890650019042710e+02,2.937410931188645122e+02,7.611831499756059882e-01
7.645486626797891461e+01,2.354425676463741866e+02,8.527167964197615024e-01
5.278532483211444060e+02,2.386073439629283257e+02,7.587588732574508388e-01
2.848333961430612860e+01,2.572816451533948907e+02,9.529256201774038981e-01
2.344721302120615860e+02,1.681956146728977899e+02,5.257131232799997500e-01
1.813103339653408597e+01,2.639132885921850402e+02,9.704545235431699668e-01
3.460134508494647321e+02,5.692260495178763904e+02,9.939710892622306559e-01
5.447102767683091997e+02,5.239516718855528552e+02,9.940680279657557739e-01
2.699684471035174624e+02,1.475412219990199958e+02,4.813657953858542227e-01
3.250475864351724340e+02,6.638469334944610978e+01,4.045292117572973356e-01
2.968663980291831876e+02,1.455244658551131067e+02,4.890876569053463907e-01
2.365357618631417154e+02,4.300347278689823725e+02,9.072835151109139851e-01
3.953364264031504263e+02,4.984713258743493611e+02,9.596943645401128098e-01
2.395083553438439878e+02,5.637745142334907769e+02,9.859951863651217341e-01
2.352308093652907814e+02,2.880136521595992463e+02,7.553561474831904654e-01
1.474109697512127468e+02,6.878098339776519765e+01,5.564348305869450950e-01
1.760124687960092729e+02,3.135394128930122974e+02,8.119831247603895852e-01
4.869213438684811308e+02,7.880326160732482776e+01,5.777332612517646071e-01
4.087136693642901832e+02,6.800919181600758634e+01,4.950846584971848041e-01
1.145703142936411609e+02,3.412191950501731981e+02,8.747456030900675472e-01
5.300971102050566515e+02,1.650924237226664388e+02,6.840078785396895844e-01
2.637092743547589748e+02,7.485772793502145817e+01,3.560534337987124043e-01
5.997912813828514800e+02,2.736473267692482523e+02,8.237446315208823977e-01
5.301630238640734660e+01,2.149935170181728097e+02,9.151000391824289926e-01
4.726410480285525182e+02,3.759047069430559418e+02,8.783100499631065761e-01
2.113708074397517294e+02,3.710995453380543267e+02,8.605554310069268853e-01
3.773841243039835831e+02,1.917935036002974982e+02,6.177921544405349241e-01
5.822319840717342743e+01,4.374145933968517284e+02,9.543397177536642184e-01
3.974095476405739760e+02,2.726009925454786185e+02,7.455948173418882607e-01
4.419200790538177444e+02,3.461414835619299311e+02,8.432419057711675325e-01
5.592215160521172947e+02,5.923537364664304050e+02,1.029113933846131479e+00
9.795154529366983809e+01,1.088695650181716701e+02,8.567886894036020884e-01
1.517180537837358756e+01,3.553645967823776459e+02,9.591464456544992467e-01
4.519921586337248982e+02,2.270339436810403697e+02,7.079844116194929926e-01
1.110107429254883442e+02,3.484235050124469808e+02,8.822732869586333848e-01
3.133266625400634098e+02,2.527634995541515650e+01,3.973813192402989580e-01
2.208905584972439442e+02,1.382982290857710268e+02,4.595883671594037656e-01
3.142891585222711228e+02,5.195931069212465445e+02,9.659969042667866379e-01
1.916888682050368402e+02,2.841516725635412399e+02,7.663965476405716348e-01
5.646396908239490813e+02,4.427365047305141843e+02,9.486108926312387668e-01
1.051160788066404876e+02,1.370729918257012230e+02,7.456730706532977981e-01
2.862332155896612562e+02,1.271609317882225696e+02,4.476442154328253986e-01
4.116133904641603181e+02,5.103008302438099690e+02,9.685937774994949345e-01
2.159901833586703788e+02,2.299179830187850655e+02,6.646632096952003188e-01
5.520276788798588541e+02,1.972931174757912629e+02,7.291448721944561173e-01
1.756613527387894464e+02,5.149011842285265175e+02,9.645257719218452985e-01
3.619386390315872859e+02,4.325108087753930022e+02,9.101382615602309212e-01
9.096286593208699855e+01,4.145590147166626025e+02,9.316195084671368143e-01
1.445019333243286894e+02,5.134045674850601699e+02,9.666681628151688743e-01
3.989411274065272437e+02,3.773831599265290038e+02,8.660059493079125259e-01
