9.629570069079244066e-01,1.605038320066144442e-01,1.370397416361998355e-01
8.238219408807945232e-02,1.502926307894465463e-01,1.783571857490254542e-01
6.111402693296813515e-01,4.129573176862609829e-01,1.684654802695787490e-01
3.437909429356775792e-01,6.653919609981379102e-01,1.779701060554974013e-01
3.174462621075484492e-01,7.589998548451901694e-01,1.765233810730583719e-01
7.716859094676078445e-01,1.456108335090177119e-01,1.386113041422501468e-01
8.198584586911550343e-01,9.439184090533938587e-01,1.798171597753313311e-01
5.089034612821006220e-01,4.625931274639198953e-01,1.770437863686906699e-01
2.723622382252138818e-01,7.870792862529609746e-01,1.752765082613818026e-01
2.260873166151826652e-01,8.103126218003520176e-02,1.502298613795037263e-01
8.304595574513515821e-01,4.449576566319090043e-01,1.611095686111130298e-01
7.916828404628069027e-01,5.650117565497254635e-01,1.702166064195122508e-01
5.677005735425959543e-01,5.404470440560380506e-01,1.779538350099824917e-01
4.188217503015168042e-01,1.249134166957529546e-01,1.462208902458956850e-01
7.146846290355464149e-01,7.867211016524773282e-01,1.796261928351202131e-01
4.060217102687561086e-01,9.138557880834689007e-01,1.769134344096494338e-01
9.785305524520062637e-01,1.012124057215970652e-01,1.324598584480282115e-01
6.487741531131396844e-02,3.663777786848348983e-01,1.717592714521459230e-01
3.882664300291408521e-01,1.686850902895584703e-01,1.550647599686365841e-01
2.184751137231258911e-01,8.893421472394168470e-01,1.732887895680177703e-01
6.845264527421773826e-01,1.470041473544966282e-01,1.404399893724786186e-01
1.730799814253319857e-01,5.240278935267612681e-01,1.749881876838815520e-01
4.123306300577453953e-01,3.606227105848169856e-02,1.312943635225340688e-01
3.054020198175116940e-01,4.326629509132373652e-01,1.796814941753002437e-01
5.062393231473426569e-01,8.902438178979524830e-01,1.785675696596959461e-01
3.464413584773731181e-01,4.435324195930662183e-01,1.799124216100422557e-01
7.916307356702149134e-01,7.022034463720017161e-01,1.764859425951834371e-01
4.784379901802630064e-01,5.030883016814282627e-01,1.792541250406992082e-01
8.689325411056940673e-01,8.276581801947452410e-01,1.779621282718073239e-01
1.787679181831508535e-01,8.406229516349297270e-01,1.725712336709303574e-01
6.619854852995726846e-01,6.207682013886981487e-01,1.776894415798518923e-01
3.062927779762185665e-01,2.112125081239099034e-01,1.691205740136036140e-01
1.029951304482955576e-01,6.217671966575458731e-01,1.714958319035678747e-01
9.738960352820480448e-02,5.299080147383145034e-01,1.719136583978810029e-01
8.391837218339871507e-01,4.425132383495573585e-01,1.606226662813992345e-01
2.575642676980937074e-01,5.540065514219534304e-01,1.772180550226742923e-01
6.324077985408993463e-02,2.044087557684863832e-01,1.745738868466727711e-01
9.145607429100870434e-01,1.713691324991749587e-01,1.385187021073218117e-01
5.197710413857581369e-01,3.341143514879432175e-01,1.668505346597375927e-01
3.979892160696322234e-01,7.223774679487117156e-01,1.783909434233178493e-01
9.335773536550887597e-01,2.184404352217169665e-01,1.417820775270078326e-01
9.684286597864742996e-01,6.630696980650102601e-01,1.688965141613659737e-01
8.019981114364803654e-01,5.827315399957235798e-01,1.707970699661562897e-01
3.537353960803023556e-01,8.578840280722701550e-01,1.764340497152247778e-01
9.794684157273576552e-01,8.716007903215061692e-02,1.314076481563593579e-01
8.023637005923033305e-01,6.574569121168638564e-02,1.308909302313100986e-01
9.846664594253182745e-01,8.339667756424875567e-01,1.753620138101458781e-01
4.961685401853939137e-01,7.613163118483009528e-01,1.793401343117624336e-01
6.320639616112384562e-01,9.181046956993156316e-01,1.795935292541130379e-01
5.257940986785910598e-01,3.419919671568091291e-01,1.672262794341064229e-01
2.538371526148919255e-02,3.650100062005361412e-01,1.691607202365819074e-01
1.079767260983952593e-01,3.341828607140464591e-01,1.748464772741166462e-01
3.094568506082921999e-01,2.278662354394805911e-01,1.712325100913588971e-01
1.681028988352838427e-01,9.676829634398592672e-01,1.716823435671931408e-01
8.932437284778065312e-01,8.531804025594428298e-01,1.780096819496568283e-01
9.974022513477948104e-01,9.398663772934452432e-01,1.777790327826535288e-01
6.875688745087232823e-01,5.075572354273034659e-01,1.713145740558576491e-01
3.185441345055645135e-01,5.258109225871228087e-01,1.789260047012696808e-01
9.423884689043763307e-01,8.706968894975607443e-01,1.774040991101510090e-01
5.924801430276165348e-01,2.862162102666624408e-01,1.580052723096135037e-01
7.703290505587830905e-01,2.401219098573954547e-01,1.471364582134152554e-01
1.459430028918784483e-02,9.366767080983928739e-02,1.712685144667990267e-01
2.244122433915672898e-01,8.614041538414540788e-01,1.735911534155912539e-01
2.277855403221946684e-01,5.549751577218058340e-01,1.764034490661721133e-01
7.966163378603051681e-01,4.558325029279597373e-01,1.631463331477003009e-01
3.350159290710112980e-01,8.809394339840863619e-01,1.758802777138809836e-01
3.099080089555616979e-03,2.993539962557875134e-01,1.676288486717957271e-01
6.854592879460996713e-02,4.334713302899950715e-02,1.663333029106024430e-01
1.362764088671746254e-01,6.838808781610961063e-02,1.591205730951063824e-01
7.249000331205999181e-01,3.012915515188638871e-01,1.538804427450188306e-01
9.169996612300964633e-01,7.594099106286191780e-01,1.747258368173639220e-01
6.722027311313114595e-01,4.389158853510705116e-01,1.673501745467918245e-01
2.785197414334518173e-01,8.697576163998038679e-01,1.747891095643898385e-01
6.354771603627962229e-03,3.223392503606195003e-01,1.678736382039048014e-01
8.062751021766200177e-01,3.368175985661542304e-01,1.540137611285976871e-01
8.675191276935938500e-01,6.356571379490620899e-01,1.710716204622790004e-01
7.298637393505797988e-01,4.948052895521966033e-01,1.685704221045627171e-01
7.655686896877712533e-01,1.466525639828396566e-01,1.388132518977003016e-01
7.784318228345417090e-01,7.025017386263113783e-01,1.768788441138575418e-01
1.731405690926510754e-01,6.041567944186297945e-01,1.741181780697794168e-01
3.925884331141988870e-01,5.769161862833009913e-01,1.795391926313014697e-01
8.179487686835068549e-01,6.290035282575663356e-01,1.725656667414004475e-01
9.885129449603136109e-02,5.434986186808318243e-01,1.718694642187238164e-01
3.073770517570088012e-01,7.188464663458813408e-01,1.766639965749804142e-01
4.987802761871804602e-01,7.629986435706603842e-02,1.360518715793105071e-01
1.887125242578857609e-02,5.415730015140678422e-01,1.682666049456892909e-01
2.846687736653328304e-01,6.185804302370836449e-01,1.771490186936659772e-01
9.482395842115295403e-01,7.278474261757507113e-01,1.725106522213121496e-01
8.490958660727154772e-02,6.450192672372824232e-01,1.707060799268175222e-01
8.574008742133474303e-01,4.958708344783907540e-01,1.634859512984084273e-01
2.873053701364538526e-01,2.048138129233101346e-01,1.701803199145792422e-01
4.549961036169422046e-01,9.074890960477395296e-01,1.777496349726948310e-01
6.539724168269226423e-01,5.435120518555554003e-01,1.748281310977826408e-01
8.598799281798310545e-01,1.155887323668103317e-01,1.347110320534958272e-01
4.988772352922878905e-01,1.688949269751036653e-01,1.489188554747487014e-01
2.307741588379434994e-01,2.845838090783878727e-01,1.799684595823407562e-01
6.713089241754212066e-01,8.700314989533309840e-01,1.798930036895649287e-01
8.527188295830552267e-01,5.446880275839799390e-01,1.666531983130375427e-01
8.261994752115745522e-01,1.185968819911659144e-01,1.353724999631473469e-01
8.042307573705083090e-01,9.549344399564542174e-01,1.798865408994427262e-01
4.350673657561988650e-01,3.555380735316989727e-01,1.743443106019237077e-01
8.788294907168929804e-01,6.425680650505646296e-01,1.710047484307818944e-01
3.270376755939381486e-01,3.279577269581960275e-01,1.787666015432213540e-01
4.322533827910471915e-01,8.436730806903364188e-01,1.779081824855694716e-01
6.106293351922515988e-01,2.025121473513860071e-01,1.484611301188086541e-01
8.035765650144600647e-01,4.196375171153893247e-01,1.603230231977422482e-01
1.932414030797653393e-01,4.253033709218673186e-01,1.770625346706582726e-01
7.254094513728081006e-01,2.339926534365428523e-01,1.478596070161665443e-01
1.314440973185755368e-01,8.579946975163225131e-01,1.712084154539114667e-01
7.140929685962748019e-01,4.489652698500212757e-03,1.252885415842572014e-01
3.824198806264123007e-01,5.147393872181622587e-01,1.798347562157918966e-01
7.471451053832280920e-01,1.291713735325172863e-02,1.261130559463103096e-01
3.992967902808123304e-01,7.711968298094689089e-01,1.779847707214322616e-01
2.453841060621286818e-02,8.957985371819909837e-02,1.738632310885891152e-01
5.815001144590951077e-01,4.568600569645038245e-01,1.732102458836910774e-01
3.198901766356065934e-03,5.112456418609860886e-01,1.675220286717956641e-01
5.331623958090049298e-01,9.498544782691842325e-02,1.378644840581238762e-01
6.065348609142235947e-01,6.472032458775962560e-01,1.793848177301648195e-01
1.400694487732534466e-01,9.646233578481699933e-01,1.710229772888028632e-01
8.594437703968156317e-01,9.200471768689847396e-01,1.794133131577151929e-01
4.845686386964610515e-01,5.901684714305224233e-01,1.799432096733560582e-01
2.695219283280876343e-01,9.351950611619578302e-01,1.741502831292196241e-01
2.459514753543989851e-02,8.343288629157276093e-01,1.681273644817397883e-01
1.876393426821004740e-01,5.484042312853134593e-01,1.752075094956971890e-01
4.826313943242557247e-01,4.021366720031527286e-01,1.749047932181213294e-01
9.596423713176376324e-01,1.514049521805308496e-01,1.363980989211480699e-01
4.085555397023452606e-01,1.608187072696322106e-01,1.524865686549518873e-01
2.267228627494574100e-01,8.670375503915557225e-01,1.736110218220873469e-01
4.686310642120158354e-01,2.175649716189187455e-02,1.282845980232288630e-01
8.189398474374618431e-01,1.452054433687930413e-01,1.378056649876598649e-01
8.493067144743281505e-01,4.554191021051778865e-02,1.288141436379195981e-01
7.706341953044804072e-01,2.356562437848478408e-01,1.467395080512281513e-01
7.498633405617846082e-01,6.032444287705126529e-01,1.738962203798776474e-01
5.991022101403349343e-01,9.597114583257501108e-01,1.791045365102511000e-01
2.698253052857608747e-01,9.630849920930396602e-01,1.739886808179969546e-01
9.850082679443713518e-01,6.434136539548092060e-01,1.673626973778341853e-01
8.854314075908490400e-01,6.008697939264661114e-01,1.686033802464371456e-01
3.020287682017610553e-01,3.680294534870792722e-01,1.799445081968953919e-01
4.254047744205669002e-02,5.103992334743903125e-01,1.695134842511804296e-01
9.214890644219498883e-01,6.093203402125972890e-01,1.677566541132363420e-01
5.910461985199311208e-01,1.961845934831700777e-01,1.484798187879724785e-01
2.667567155897065945e-02,8.940952906055342764e-01,1.681367365044066642e-01
5.493032733509473076e-01,5.113457488240616966e-01,1.775548678025328231e-01
7.877972931703982606e-01,9.724553200154227861e-01,1.799687193048942202e-01
9.323399491896267044e-01,1.890599117212681257e-01,1.396031194828596389e-01
4.820315519738261889e-01,5.155477072058815002e-01,1.794053607177210630e-01
7.869666408990411144e-01,1.266785898929970733e-01,1.366287257490335361e-01
7.280225315548467524e-01,3.354627913546159856e-01,1.566685563444615570e-01
8.659212234158718546e-01,7.092966900431270094e-01,1.744114630691547541e-01
2.171614791110340059e-01,7.422918813587360276e-01,1.742380974907243585e-01
3.802003120626341603e-01,6.043165861929052918e-01,1.791469447790378922e-01
1.883004391771059272e-01,1.257999313020073950e-01,1.680909945820526774e-01
9.412239267861953751e-01,1.137009788696021761e-01,1.337231488106282729e-01
3.571410705253769136e-01,6.831746595355367990e-01,1.780466789140403849e-01
9.200355149763039808e-02,2.460498883909847390e-01,1.757683215776689456e-01
3.073845780251779347e-01,5.365942952904680929e-01,1.786083618747113522e-01
7.035939046862380586e-01,9.330385097757626367e-01,1.798575174788411835e-01
9.870764533644108552e-01,8.195330197042597353e-01,1.747992058262846649e-01
2.884096642692048906e-01,2.618237664260318898e-01,1.770174831726049891e-01
5.593995774711995050e-01,4.050451422120759926e-01,1.706871091550460628e-01
8.259493633510351929e-01,2.543689825298256491e-02,1.271240044940625535e-01
4.737347811910639361e-01,9.377939828488217611e-01,1.778043885534451307e-01
9.526891223149979160e-01,6.434356703154555657e-01,1.684466064937728824e-01
8.567202934707789375e-01,2.280879253033563092e-02,1.268117085627369633e-01
1.122426899108130982e-01,4.035011904224179435e-01,1.739487317162042024e-01
4.334218654198751519e-01,8.390208704930094408e-01,1.779689868592326807e-01
9.120292497693304190e-01,5.509778442105195406e-01,1.648898836668119539e-01
8.380173217282719245e-01,2.602671974469793481e-01,1.470583974268858396e-01
4.152572965907802560e-01,7.773082514325380110e-01,1.781874402699084869e-01
3.215741079765066512e-01,8.171015793836285956e-01,1.761108912354167333e-01
1.901944531161090524e-01,3.362988218721619793e-01,1.785371581998835555e-01
7.022374071885162383e-01,1.472851861707489274e-01,1.400889209681747682e-01
1.552353533367201166e-02,2.615760539978140287e-02,1.788075890730854989e-01
6.810206766244443211e-01,7.963908726222839185e-01,1.798523823659232412e-01
7.558543369301234938e-01,7.725263782026583481e-01,1.789825219881013285e-01
1.549388885755159651e-01,6.936200545709958476e-02,1.558767185470604777e-01
9.096930812738235339e-02,4.822712557511604770e-01,1.720240417386934006e-01
6.246466077356878088e-01,4.778776000760168730e-01,1.724111567130286460e-01
9.073075664720586797e-01,4.861336495561723314e-01,1.611095413069136006e-01
7.504539294268346428e-01,8.961072012675241893e-01,1.798991492182101526e-01
4.393004802654365548e-01,6.622227227615227196e-01,1.794212945881053234e-01
2.644255783655193870e-01,6.970246031546268872e-01,1.758636745786793243e-01
6.589770679512751972e-01,5.112400707663328214e-01,1.728300960788576868e-01
5.679545547261460881e-01,9.708933424315335792e-01,1.787258200193101998e-01
4.805099436544625346e-01,3.167798010036735334e-01,1.676596813158410526e-01
8.076119328633086791e-01,6.752437286310618569e-01,1.750010500118739099e-01
8.025872239193145852e-01,1.218948127108042678e-01,1.359727956784147207e-01
3.791007205638254884e-01,1.095354825302166102e-01,1.455820069338207012e-01
7.248282013399290902e-01,3.362296571200977802e-01,1.568543686950622795e-01
3.979706376717392358e-01,8.385149912308987874e-01,1.773603792869086204e-01
5.369143404810924336e-01,1.080873542818829858e-01,1.394983467706363833e-01
6.473124316134003520e-01,1.859998166770627792e-01,1.454724191919450349e-01
7.016565894146019611e-01,3.063303426660495266e-01,1.551980275194246861e-01
2.559013401135091792e-01,2.963458970186568786e-01,1.798302849075305299e-01
9.747240911880135084e-01,9.807386819415735424e-01,1.788045112498021783e-01
7.886501320250117741e-01,1.808258291631155146e-01,1.414547644930630732e-01
5.328501134364441727e-01,8.806514240002131233e-01,1.789189838286057432e-01
7.268194800838078118e-01,5.005969082613767052e-01,1.690856073187791964e-01
2.542862050157882470e-01,6.081444662168403736e-01,1.765219806310312500e-01
3.791474336361376762e-01,3.322442254598603206e-01,1.762094210343408962e-01
4.793040249415911891e-01,8.207819207930515670e-01,1.787158410460262803e-01
9.805987044190894730e-01,1.206629921225759183e-01,1.338864566501144215e-01
6.781038633013349859e-01,2.373845368593323624e-01,1.496806297918361617e-01
6.132928059393962794e-01,5.535153553910701074e-01,1.768806465023243513e-01
5.607434676232505577e-01,1.741731622120274992e-01,1.470608495562421569e-01
6.574184627056530728e-01,4.009989904558894924e-01,1.652000663592403107e-01
6.250306632588745748e-01,1.109361164137436795e-01,1.378185440028830977e-01
8.089513677984234707e-01,8.105770228261904853e-01,1.787559599353689965e-01
8.243830556133676657e-01,9.321994854550946785e-01,1.797439274471295811e-01
3.853315212902509446e-01,6.228742368825547215e-01,1.790475969829359859e-01
5.815612240695378077e-01,1.151652709440402766e-01,1.392694474866429666e-01
8.402812413375122524e-01,3.706850006167530243e-01,1.554806667895531902e-01
9.374051459424188604e-01,5.157351395728071441e-01,1.619175547665566151e-01
8.288927765098931255e-01,3.855909993709597527e-01,1.569333702697315036e-01
9.263792805230368632e-01,1.113187126063072130e-01,1.336766107702132000e-01
9.687159322397870254e-01,2.368028684298317810e-01,1.425099123731385087e-01
4.335026829033172824e-01,1.589203224340163256e-01,1.507592057164485466e-01
2.999322579013441459e-01,3.063707935691251105e-02,1.323676766796372806e-01
7.833223257355280689e-01,4.184056575289579749e-01,1.610161471835768465e-01
1.199475641550550309e-01,2.918645939878996565e-01,1.764125918392284165e-01
8.746091925498664654e-01,6.446773904712795877e-01,1.712662341712639924e-01
9.197286479265774917e-01,3.462556487630283897e-01,1.513923974885784118e-01
1.689812455670114399e-02,8.797794645515492062e-01,1.678601486780010310e-01
8.935166076348222131e-01,8.560720266746189022e-01,1.780591077716368043e-01
4.239746357483832329e-01,3.201482650121089124e-01,1.720258756481329865e-01
4.075109215623540226e-02,1.532636426519649042e-01,1.737002027372447910e-01
4.519149256587551289e-02,9.967367286554428274e-01,1.685382491281319506e-01
6.811256127390347137e-01,1.260182817174215764e-02,1.262039521714576340e-01
4.001622459338141091e-01,8.445051907393822388e-01,1.773492639655399605e-01
5.647010579974265365e-02,7.492350307998417724e-01,1.693096805590646736e-01
8.315885304048737936e-01,2.003153086268105731e-01,1.422619279726871910e-01
7.248381732973504521e-01,2.169430039223564366e-01,1.462929002864780670e-01
7.395000325441801747e-01,7.538540863618448107e-01,1.789533701549163025e-01
7.371433151139067386e-01,9.599551714146675740e-01,1.798857042074237245e-01
3.606458045645486443e-01,1.776850945970442908e-02,1.284937786688167827e-01
4.551068101297935931e-01,1.702695880400807438e-01,1.512422554024049903e-01
8.570026905698860942e-01,2.598242865232197607e-01,1.465584342677095364e-01
5.791311569929155079e-01,6.200354264208429722e-01,1.794146097679031882e-01
7.529697352540745126e-01,7.890761677499928961e-01,1.792236263733261448e-01
9.737995320369183805e-01,1.779728297705164275e-01,1.381933846015155343e-01
3.381319558016009363e-01,9.979551035215564747e-01,1.751478904687018556e-01
6.320795355498447510e-01,6.029414836864152027e-01,1.779855168849703295e-01
8.866856838874888069e-01,5.556776246640173778e-01,1.660498038702928891e-01
5.096914669693441979e-01,3.431073313756051180e-01,1.683387168220561170e-01
8.438436686955932409e-01,3.790667793249785644e-01,1.559698729496669933e-01
6.197027848131644312e-01,6.456343898479387500e-01,1.791710445860230094e-01
9.190560914445602414e-01,8.399692585392656285e-01,1.771678584644057475e-01
4.061774121914839553e-01,6.604259896519690809e-01,1.790132591671513562e-01
9.528664137279695412e-01,6.406562954371697316e-01,1.682988357055081874e-01
2.704519331816838124e-01,9.145938028934895714e-01,1.743009694721193992e-01
3.128992905609594422e-01,8.634539319560987636e-01,1.755688855689950534e-01
7.124516193335280745e-01,6.718165882629880681e-01,1.777914809781271366e-01
9.303901220955632656e-01,8.111826775470613038e-01,1.760932495731321878e-01
6.167484706649196680e-01,4.608748906424937619e-01,1.717139695820665835e-01
5.085830431596842782e-01,9.840310406287929856e-01,1.779727175271339223e-01
6.409130175517026018e-01,7.127343127929693933e-01,1.796688069841449187e-01
4.604125881397723719e-01,2.097851451370432718e-01,1.563585041102655004e-01
6.743002921926654070e-01,2.623242323141439236e-01,1.521940594611490005e-01
6.812204640465154837e-01,3.665292200928282895e-02,1.288277185431549732e-01
7.393857001712045296e-02,7.000108591079134968e-03,1.318214096230249099e-01
5.449343654401087589e-01,3.278377649242404379e-01,1.647570177320354934e-01
5.688135648027454749e-01,4.921992338352819685e-01,1.759012752407361768e-01
2.127336377453874494e-01,6.760214102837839301e-01,1.746792071591163620e-01
3.047599586805566085e-01,9.184370825041029418e-01,1.750184376712128620e-01
8.449784070779498002e-01,1.452456206683666595e-01,1.374148083970804513e-01
8.794357639866458021e-01,7.396021412760258595e-01,1.751700684727663104e-01
6.964474450490072410e-01,9.114271742872557258e-01,1.798780298127855837e-01
2.860267180832809508e-02,6.455957923790476283e-01,1.685114406599791115e-01
5.931065418887294660e-01,1.548387499690819791e-01,1.436630752112457166e-01
5.616861968748220191e-01,1.606675085439563944e-01,1.453852559576104264e-01
2.925098331284651243e-01,3.363702416700299347e-01,1.798146501892192717e-01
9.801364493961350899e-01,2.364956555366857227e-01,1.422901268848870415e-01
5.103751686572435275e-01,9.232272730588557685e-01,1.784123776130961125e-01
1.767565927822059013e-01,6.189417745308598562e-01,1.740979400617029826e-01
8.597979482506747928e-01,5.096978579110408303e-01,1.642838750793935709e-01
8.484115416044554214e-01,8.112274548086669812e-01,1.780268740096610791e-01
9.779461316333902809e-01,2.512899346692412106e-01,1.433770984952890404e-01
7.954433754074340390e-01,5.731770256841437483e-01,1.705271502000474115e-01
3.031969432537017228e-01,2.801993366702937305e-02,1.316579595660152535e-01
7.017981956000196586e-02,7.526271069860799301e-01,1.697648867125705341e-01
8.493809129386544754e-01,6.500171973348122245e-01,1.724207886121495448e-01
5.778346808359124953e-02,6.245421072163761522e-01,1.697468371344511284e-01
4.716924700539688597e-01,2.527853384097960010e-01,1.611157940289816570e-01
2.617699381614481124e-01,9.887619586206188860e-01,1.736771541081658654e-01
5.184355856411990704e-01,4.748556363592671969e-01,1.772176254726212374e-01
5.679942970131504065e-01,6.194449973682059074e-02,1.328693703443669105e-01
4.797981447873784777e-01,3.716975123193804187e-01,1.727867173731338912e-01
5.613680020168090312e-01,7.618553515434957069e-01,1.798194963022816117e-01
5.958636683010729573e-01,6.895372899238126907e-01,1.798286983276381479e-01
1.007943331605807291e-01,8.145717938731483754e-01,1.705209702592966892e-01
7.834958497290310797e-01,4.000106472945970104e-01,1.596359059606644870e-01
2.500347518466848884e-01,4.467230910632481455e-01,1.784799640778227947e-01
3.844298366054320626e-01,3.006781351520525503e-01,1.730781718293199767e-01
9.347059829822662591e-01,8.936758996718543457e-01,1.780255824237252926e-01
2.517922792803695131e-02,1.288904890450992546e-01,1.721772774132164785e-01
3.703502529207108873e-01,6.568267424259265352e-01,1.785207462858138250e-01
3.535169307979653119e-01,9.197335096757746076e-01,1.759508640487765230e-01
4.987874727200114489e-01,7.737580440345314114e-01,1.792904733945087647e-01
2.344234301469158011e-01,8.558625107450659186e-01,1.738628623523741923e-01
1.741514084029943676e-01,5.420472922354035994e-01,1.748131704324311086e-01
2.874854062127757404e-01,2.997906963159642224e-01,1.791792797781251445e-01
3.977957291174361032e-02,1.879653815463160349e-01,1.725478644730460420e-01
5.151676786835539534e-01,4.407205477456196396e-01,1.756170876721290797e-01
7.626784362579963616e-01,2.613799702782615419e-01,1.491943018139245680e-01
7.556439671303230021e-01,3.719189719381444936e-01,1.585478596593350165e-01
2.259137694052126832e-02,1.681135826318022053e-01,1.707700262178187267e-01
1.861488568167072311e-01,6.419161443203013073e-01,1.741898295023780185e-01
3.946595862115168662e-01,4.719092805476632346e-01,1.799022075955269695e-01
5.429889432118877313e-01,5.407663819561334684e-01,1.786697458316975629e-01
1.089963602476515803e-01,7.324587424580971673e-01,1.711061165739346246e-01
1.191819925997168461e-01,6.109041324592735522e-01,1.721715474855324002e-01
4.439347903181040111e-01,3.005559986218931945e-01,1.685262129791898766e-01
9.677917642160982492e-01,6.019448043706132623e-01,1.658144087980232273e-01
1.351713884776893915e-01,1.790708619846781424e-01,1.798590176380239491e-01
5.807253824814884169e-02,2.059099244903657144e-01,1.740263359101320850e-01
9.944533481319322021e-01,8.514173719248707695e-01,1.756368436090850471e-01
3.132720384960373528e-01,7.209210750143361102e-01,1.767679719714426445e-01
5.912559679821375314e-01,6.012449872582438237e-01,1.789251414717939193e-01
6.232720396296841381e-01,2.777057112393344074e-02,1.281470003376201927e-01
2.156937309503688116e-01,3.459485006714351218e-01,1.790936257581877411e-01
9.361677315054255377e-01,9.592984339746590816e-01,1.790121942582036663e-01
2.557275569415210503e-01,5.059352126774522285e-01,1.778089206576885795e-01
9.071887486318540583e-01,2.746344041676601622e-01,1.465277844453684031e-01
5.229956856023800782e-01,2.692598193273324503e-01,1.598890974816280508e-01
5.962482246070432979e-03,5.205543543405126705e-01,1.676577594150635009e-01
5.662554765585601224e-01,7.059083746546237492e-01,1.799544925566151643e-01
8.796145774527264205e-02,5.919282524845269622e-01,1.711014737462691615e-01
3.819548123163331033e-01,2.507117757490057164e-01,1.675192166135544558e-01
7.735642968996028213e-01,4.558765940616051893e-01,1.640947313604862456e-01
2.741355572548804798e-01,4.145710709398641169e-01,1.794067149251239168e-01
6.309215119589239862e-01,8.352603157883076168e-02,1.345634163105519088e-01
7.579276007065572918e-01,1.352954591337058865e-01,1.378900713659003407e-01
7.630584494098737736e-01,7.212779867595574546e-01,1.778358850035260952e-01
8.594582791270621858e-02,2.475495643389837852e-01,1.752970709826712770e-01
4.070011383045974984e-01,9.139426060364637117e-01,1.769289424887900974e-01
2.943501523069784742e-01,3.496784570063327102e-01,1.798877526637476520e-01
7.426212003720195076e-01,5.268484343211959908e-01,1.700281720123431595e-01
9.501829283699136930e-03,1.473251392190257913e-01,1.690311503958109307e-01
3.351865410455484584e-01,2.489625605559740995e-01,1.715174112364069581e-01
9.199440312136135667e-01,7.249004631484677885e-01,1.732993521351417487e-01
2.518699718456303138e-01,8.713204698146941318e-01,1.741681394783247683e-01
2.542474621928310086e-01,1.496574508932908554e-01,1.640539234674494584e-01
7.061506570625684098e-01,6.621085453826374145e-01,1.776872336311173251e-01
1.806482205150464759e-01,2.260573240633585446e-01,1.799485769343250607e-01
9.833407430428763307e-01,4.067457644172178810e-01,1.537544639122495616e-01
9.605636214796293704e-01,7.369368712564039470e-02,1.305103570295952642e-01
5.933488686997723249e-03,5.675362434280105672e-01,1.676313552849371669e-01
8.914683602894186709e-01,2.968018976479832594e-01,1.485467197086781654e-01
9.145975351752807514e-01,7.797803982638785714e-01,1.755327739586358682e-01
5.401238580305903758e-01,5.553234982903372252e-01,1.790498709361068586e-01
5.808033018398727210e-01,4.830360161451778822e-01,1.748478426094416116e-01
5.814415341122461944e-01,7.472134660933662520e-01,1.799063624139059792e-01
8.031277618231019710e-01,1.554527122440015896e-01,1.389555725563004496e-01
6.348097541110767628e-01,8.123017409277487610e-01,1.799131429497121126e-01
1.741821994266965490e-01,9.829023580588025499e-01,1.717623162227144840e-01
8.124491865305960570e-02,5.517546769771902726e-01,1.710733930162079419e-01
2.026270731787924717e-01,5.480425351500980424e-01,1.756980855209441250e-01
2.338921527638001541e-01,3.224148056420678143e-01,1.797675482187552909e-01
1.566258454057843919e-01,3.765953461694977467e-01,1.764883431112687917e-01
6.657050020168664428e-02,5.757095285195817924e-01,1.703305425510900084e-01
4.688667045458078109e-01,7.237148044176889838e-01,1.793132866046605600e-01
6.876528757892939048e-01,7.962750444747472844e-01,1.798299675909921513e-01
3.170723533088005697e-01,9.238317076722925014e-01,1.752263881217081543e-01
2.508192727757108109e-01,1.602142259939633995e-01,1.666529483832780711e-01
2.515098618326000457e-01,8.042882835914219042e-01,1.746405718096627757e-01
1.376621434087467177e-01,1.864174237794239408e-01,1.798251790299487951e-01
8.968342002628552079e-01,7.056326452655854453e-01,1.732541873803977728e-01
3.066365638416315154e-01,7.760523287706965201e-01,1.761383831598009597e-01
8.217109018695102352e-01,7.641552333967780442e-01,1.775361794396998205e-01
4.002576128258047428e-01,3.011903105089858146e-01,1.719194404433436740e-01
4.118533093121745647e-02,3.547703104905418625e-01,1.703414076317214254e-01
4.275663315308398937e-01,7.291242512019602273e-01,1.787396530049737697e-01
7.400751942513917880e-01,9.581049465643837193e-01,1.798946771095001618e-01
3.539878324532755860e-01,8.475545371639149339e-01,1.765146927060791959e-01
3.244328944258827452e-01,7.179801070757295678e-01,1.770256401027295590e-01
1.989962761732014807e-01,3.309307754139503288e-01,1.788832197999710993e-01
5.512143274396681392e-01,5.974709838961766994e-02,1.328225596621669669e-01
9.486835101394054393e-01,7.590186650126293788e-01,1.737408605043317122e-01
7.550505923458928903e-01,8.016428766238037351e-01,1.793400190812574346e-01
6.320059536592596006e-01,8.667559505047738311e-01,1.797842192456692301e-01
6.693333876884798306e-01,2.673124630550566261e-01,1.528514232154004060e-01
9.114303654977063962e-01,5.360276127360555920e-01,1.640255455480190416e-01
3.853560306050305417e-01,1.735893818181915016e-01,1.560454806228407099e-01
5.094316048108523676e-01,3.878693465391880313e-02,1.304663717130945533e-01
3.643922863517837785e-01,2.785676595153274704e-03,1.253902204729810121e-01
6.917978588231020742e-01,5.114733667921196325e-01,1.713655959384806915e-01
5.409991608039648181e-01,2.996183041061296626e-01,1.621220103383478051e-01
9.717850015971450928e-01,2.795578668778649911e-01,1.454954595534934947e-01
1.668028477808783938e-01,2.031606269806404130e-01,1.799435270897885575e-01
7.691240027216570407e-01,3.272109512201440973e-01,1.544981425010214793e-01
5.689111648708818914e-01,9.892359210384529256e-01,1.786301828788572910e-01
3.866669723801171576e-01,5.468948312766880315e-01,1.796864250000046459e-01
3.515052236849118827e-01,1.450478100582430763e-02,1.279058164121142094e-01
2.014777005906267515e-01,2.943262122790406554e-01,1.795668067151630354e-01
1.174523395497026890e-01,8.506970983744325254e-01,1.708562532043212678e-01
6.849817844788774757e-02,6.604253032783004018e-01,1.700304721009255615e-01
1.774412762136443611e-01,5.341495720354870747e-01,1.750260076913050522e-01
2.637103814984651518e-01,6.744942829450354393e-01,1.760662178666409505e-01
3.503791700071267057e-01,9.037082459294316639e-01,1.760094494753088323e-01
4.646112810575183660e-01,1.580950419364957060e-01,1.490331211563331870e-01
4.458105109493858409e-01,9.669249899516826341e-01,1.771614448129660291e-01
7.509494176380597796e-01,9.378300552452855099e-01,1.799552716946023201e-01
9.363606156735937436e-02,7.437571089485173204e-02,1.735353238953792065e-01
8.436099875668088277e-01,1.932492344661129735e-02,1.265338404214652601e-01
4.271192190641154296e-01,9.233157364451178850e-01,1.771841794402978787e-01
4.017024247201231857e-01,2.387881357055307019e-01,1.643736613618559383e-01
1.842021064218368753e-01,2.149587592226260835e-01,1.798478819901593306e-01
4.262286807104453956e-01,5.989746311944197377e-01,1.797038131849428289e-01
7.591260635272437662e-01,8.561566308818490123e-01,1.797318148329136167e-01
5.725970078931597040e-02,3.368210873251799020e-01,1.715965001069346962e-01
6.548633871409581531e-01,4.575668502717683550e-01,1.695382996088279914e-01
9.784113939122485171e-01,3.806009704025148377e-02,1.277295934042911307e-01
9.794306423598660993e-01,3.923392660601791038e-01,1.529277876195097030e-01
5.869795478219816953e-01,5.600547251170956420e-01,1.779892477261216521e-01
6.571830953632267214e-01,5.093617420788169037e-01,1.728012800212166411e-01
5.815225422312269021e-01,8.588576027601765306e-01,1.795157021543582199e-01
3.699671057802247365e-01,6.872365707312868555e-01,1.782380108003653874e-01
4.456842206240557713e-01,5.689879303461857774e-01,1.799166054002567239e-01
7.072806854323023806e-01,9.220679625685721525e-01,1.798835403577771774e-01
4.441257885085136969e-02,6.789790382069599284e-01,1.690548116484311969e-01
2.339829683246028580e-01,1.459480821694174590e-01,1.659030606773515548e-01
3.584786876091115015e-01,1.122164387317463596e-01,1.472226047904802992e-01
7.470669436506083283e-02,9.919547072036432045e-01,1.693082250594205029e-01
5.755059235218564773e-01,6.524204958606129034e-01,1.797544542171412574e-01
9.461922157624302887e-01,2.574831800331601750e-01,1.444251079754080846e-01
8.103735542889380916e-01,7.977886457214566907e-01,1.784896778103855774e-01
2.562269399345847853e-01,8.726739461892301097e-01,1.742589399712961840e-01
8.553931464923861805e-01,8.127089150427658781e-01,1.779214386177197793e-01
6.340570365421815957e-01,3.223480588845499817e-01,1.595084617163244900e-01
7.611905917904093766e-01,5.393987235827583104e-01,1.699878668876079191e-01
7.159575407357479104e-01,2.592316610014104850e-01,1.504687282256767511e-01
8.819461737012563862e-01,7.128933377542381322e-01,1.740321817532176629e-01
6.240888829147704930e-01,7.083484968749100830e-01,1.797600493929595589e-01
3.711495273720930577e-01,6.828050313600430021e-01,1.783017151818755419e-01
1.672336206873475950e-01,4.405404126380072505e-01,1.758682674637847554e-01
2.658540896840037027e-01,3.091029989048956761e-01,1.798425162311074466e-01
7.680143697063851471e-01,2.833124148852723678e-01,1.509063596420157638e-01
4.408781561705336083e-01,8.526707281491752166e-01,1.779758455788190696e-01
2.070035892129804544e-01,3.622490812680267958e-01,1.785944764751429270e-01
7.132892936986067189e-01,8.677646841491930552e-01,1.799406703519743633e-01
6.669414023582822537e-01,2.836239551882541177e-01,1.544869661802812100e-01
4.647249512590828635e-01,5.084851260622856861e-01,1.795946823749744181e-01
7.267846858083977235e-01,6.848847499480333889e-01,1.777797785148109433e-01
4.294914669818821196e-01,1.158246131932643141e-01,1.442563452988841477e-01
2.815080056368768346e-01,4.386036041967482646e-01,1.792663367548661402e-01
4.559100726283662475e-01,7.860883521647687999e-02,1.374527366962033925e-01
8.350686645142769704e-01,7.025237380002702370e-01,1.751796063003346338e-01
9.859792228685088089e-01,1.327298766717190937e-01,1.347248642545399722e-01
6.319824165684286843e-01,4.334023450876547390e-01,1.689467273440309614e-01
3.417489743236808986e-01,4.552520479155603983e-01,1.798504495053314389e-01
9.602115145158807152e-01,5.751556698767804621e-01,1.646184645128914714e-01
3.998076958792610158e-01,7.997405776259649546e-01,1.777287281558630472e-01
3.873853629293988465e-02,6.884179652682166362e-01,1.688200065315012821e-01
3.342475617608087202e-01,7.635417274554464617e-01,1.768158521153734841e-01
7.693630047114831116e-01,5.474767880616827620e-01,1.701223481135465676e-01
9.981292074911165546e-01,2.507378175131905751e-01,1.429806770804076532e-01
8.581231999602909610e-01,2.702662538939835102e-01,1.473503443567685811e-01
5.850602840493857038e-02,2.400608522656785260e-01,1.732492323581179550e-01
9.251674943378254135e-01,1.395797662867227507e-01,1.359019680113028872e-01
2.378534385550585828e-01,2.220351921534747808e-01,1.776060078595980418e-01
3.667524385642996210e-01,4.881829869865035310e-01,1.798515169046726314e-01
1.538066304648624261e-01,4.944312805460444604e-01,1.746077393861295290e-01
5.993612383348893013e-01,4.316328468835306520e-01,1.705077399444723252e-01
9.083357566401728533e-02,1.557050993289132990e-02,1.373806168904433689e-01
9.599251094332128531e-03,2.433745161907987509e-01,1.683857485614274063e-01
9.232216444012175671e-02,8.695825262453498183e-01,1.700925803733251973e-01
7.926415352624947008e-01,2.312733490979590467e-02,1.270030303030592056e-01
5.269712566513385932e-01,1.923792119043016280e-01,1.506609933559891201e-01
6.036122038645831411e-01,4.962680771434234694e-01,1.745208265403304093e-01
8.085652951286734780e-01,7.897627305651444551e-02,1.320401269612392070e-01
2.412610119636365846e-01,8.083131473735433170e-01,1.743566379623542051e-01
7.355305848408418834e-01,9.099933125928442168e-01,1.799667281034403044e-01
3.035753781847729815e-01,8.983477479733478210e-01,1.751323183062213629e-01
9.062873058363042356e-01,6.318910507877902871e-01,1.694702157659837283e-01
3.607586617443638843e-01,3.296995262227100376e-01,1.771667704260741494e-01
3.349643138912343776e-01,8.651197238242047671e-01,1.760001459262643952e-01
8.461229142533485126e-01,4.508934850251861137e-01,1.609455394415507667e-01
8.900738771034488739e-01,3.648080073770810783e-01,1.535160405160899411e-01
3.072299385191270549e-01,8.448165742970051850e-01,1.755880401956883829e-01
5.222144620883968358e-01,9.318943586777669319e-01,1.784866027244419451e-01
1.746459339848417391e-01,3.209766769730849623e-01,1.783084654112618572e-01
3.703963195625512572e-01,4.066227490763215657e-01,1.796141418478353624e-01
5.019428559427118186e-01,8.878563590219712420e-01,1.785350024763666665e-01
1.753291710399950132e-01,8.811937235177715877e-01,1.722604144290104666e-01
5.380534817907093315e-01,8.846754649015933225e-01,1.789489098173203951e-01
3.571367761177014488e-01,3.852655489103762321e-01,1.794817805828136936e-01
5.847068144584823823e-01,8.527253077392704661e-02,1.355366111862088829e-01
9.793050822850105641e-01,4.143628802843178915e-01,1.543523740791647170e-01
1.321552730464464753e-01,7.959669013783924330e-01,1.715053818586068091e-01
3.070906795098459208e-01,8.286130828080061628e-01,1.757104891632735866e-01
8.955454523636194875e-01,2.014299555866397862e-01,1.411506767622781044e-01
2.597453375023777156e-01,9.485593994173181498e-01,1.738612455905090559e-01
1.893552921802142963e-01,2.525419086442933780e-01,1.798486320488764945e-01
3.403370008738475505e-01,4.596297011906924634e-02,1.347564263030370246e-01
5.845680790596337051e-01,8.592652604555758300e-01,1.795378667475086010e-01
9.687018259587222291e-01,2.088863896696594447e-01,1.405037026132996969e-01
5.943789795213316740e-02,9.271038936015454368e-01,1.690211382130820672e-01
7.529864948127461544e-01,7.282256110871375698e-01,1.782053301030384618e-01
3.944022534605143848e-01,5.623054934210941491e-01,1.796572735627057493e-01
